1 796 2
1 230 3
1 535 1
1 314 6
1 1470 6
1 67 4
1 1372 0
1 1141 1
1 656 2
1 1402 4
1 690 3
2 656 2
6 6
1 463 3
6 4
6 3
1 138 6
5 4
1 736 6
3 1
3 0
1 20 0
1 928 0
5 0
7
1 933 6
7
1 593 2
7
2 928 0
4 6
3 4
7
6 2
3 0
1 221 0
1 1139 3
3 3
6 0
1 1351 4
4 4
1 158 4
1 1374 5
7
4 5
3 4
1 1254 5
3 5
4 2
7
1 1286 1
5 1
1 123 5
1 161 0
2 161 0
1 581 3
1 497 3
5 5
6 5
1 1374 6
1 472 2
7
1 134 2
2 497 3
1 1243 6
6 2
1 1111 3
4 1
5 3
6 3
1 856 5
6 2
1 1326 0
1 2 6
1 1110 0
1 530 6
1 484 2
1 1194 1
1 76 4
2 1110 0
2 134 2
6 1
2 484 2
5 2
4 0
1 1163 0
4 2
7
4 3
1 352 2
1 1012 4
2 76 4
1 355 3
3 4
2 1163 0
4 2
7
4 1
2 530 6
1 1167 0
2 1167 0
3 6
3 1
1 564 1
1 813 6
1 1498 3
5 3
1 512 6
3 3
1 1282 1
1 41 5
2 41 5
3 6
7
7
1 483 4
5 4
1 1055 0
1 243 4
5 1
2 243 4
1 1311 6
1 934 4
7
7
7
4 0
5 0
1 656 5
1 81 5
1 1382 3
1 714 4
2 1311 6
1 729 2
3 0
3 3
4 2
1 729 6
3 6
1 428 6
5 6
1 1318 1
2 460 6
1 213 3
6 6
6 3
3 1
7
1 307 1
7
1 515 4
1 1382 2
7
3 2
1 256 1
1 610 4
6 4
1 800 3
1 984 2
1 220 5
3 5
1 1098 5
1 991 6
6 5
1 1139 6
5 3
1 1310 4
3 3
1 414 3
1 1419 4
1 23 1
7
1 1373 5
1 1174 0
5 5
1 905 0
1 1017 4
1 430 3
7
4 4
1 509 2
6 4
7
1 1376 1
1 791 2
1 427 1
6 5
1 1388 1
3 6
1 1455 3
1 1136 1
1 973 5
4 1
5 2
4 0
1 38 5
1 94 5
7
6 3
4 3
4 5
7
1 747 2
2 38 5
2 1136 1
1 651 6
4 6
4 0
1 950 2
1 1487 2
7
6 0
3 2
1 417 3
1 486 3
5 3
6 6
5 0
1 1385 0
3 0
2 94 5
3 5
2 651 6
1 784 1
1 1411 3
6 3
5 3
2 1411 3
1 1312 1
3 1
1 175 1
1 1193 0
4 1
1 999 6
1 1148 2
1 935 3
1 628 1
1 621 3
1 358 4
6 0
3 2
5 4
2 621 3
5 3
3 3
5 0
1 506 5
3 5
1 231 3
6 3
7
7
7
4 3
3 3
1 211 0
3 0
1 90 1
7
1 533 3
5 1
4 1
3 3
1 1396 5
1 1310 2
6 5
7
7
2 1310 2
2 57 2
1 479 4
3 4
1 742 0
4 0
5 0
2 742 0
1 311 6
1 1446 2
4 6
2 1446 2
2 1230 3
1 1136 0
1 1269 1
2 1136 0
3 1
1 33 3
2 33 3
1 1198 5
2 1198 5
1 363 2
6 2
1 1157 3
6 3
7
1 1269 1
3 3
1 152 4
1 391 1
1 1205 4
1 315 2
3 2
1 199 1
5 1
2 199 1
1 62 6
1 1415 5
6 6
1 1245 4
5 5
4 4
4 6
2 1415 5
3 4
1 345 0
2 345 0
6 2
5 0
3 3
2 522 5
1 1468 3
5 3
7
2 1468 3
1 1348 0
1 959 6
1 679 6
3 6
1 1231 4
1 524 1
3 4
5 1
1 511 1
7
4 1
7
1 55 5
7
1 670 6
1 830 2
1 563 0
4 5
6 5
1 615 1
4 0
2 670 6
3 6
6 0
1 882 2
1 360 5
4 2
6 6
1 1374 0
1 564 3
1 927 2
1 1488 1
6 1
6 5
1 1290 4
7
3 0
3 5
4 4
5 4
1 263 1
1 1251 2
1 764 4
1 404 2
1 1031 0
5 2
2 1290 4
1 827 1
1 30 2
5 0
4 1
3 2
1 262 3
7
6 1
3 0
1 17 2
1 1402 2
1 1396 2
1 824 4
5 4
5 2
7
4 3
1 543 0
1 107 6
1 1399 6
1 818 3
1 1083 2
3 6
7
5 0
1 801 6
1 240 2
3 2
1 1045 5
1 1036 3
1 1313 6
1 173 0
1 527 2
1 1204 2
7
3 3
2 527 2
1 912 6
1 1399 2
4 2
1 1389 2
1 580 1
2 1204 2
1 1012 6
2 912 6
3 2
1 496 4
1 1422 5
5 5
1 950 4
1 1015 5
1 488 6
5 4
3 4
3 5
2 520 3
1 308 1
6 6
4 1
1 982 3
1 699 4
4 4
5 1
3 1
1 528 3
5 4
3 4
1 204 5
5 5
1 193 1
2 204 5
1 900 5
1 678 5
6 4
1 847 3
1 623 2
6 3
6 2
1 573 2
1 1088 4
6 3
4 1
6 4
1 1443 1
1 1490 2
1 1196 3
7
1 1252 1
2 623 2
2 509 4
7
3 1
2 1196 3
3 5
1 1090 5
6 2
6 4
1 1034 4
1 358 3
1 90 1
1 576 1
1 848 5
4 5
7
2 1090 5
1 948 6
4 3
1 31 2
3 1
2 948 6
2 1261 1
6 6
2 635 3
1 768 4
5 4
1 863 4
6 4
4 4
7
7
2 768 4
1 508 1
7
1 498 1
1 815 5
1 286 4
3 5
6 3
2 498 1
6 4
1 842 5
1 195 3
7
3 1
2 195 3
4 1
5 2
1 238 6
1 752 1
4 6
1 434 0
1 1 6
1 646 2
1 940 5
7
1 1124 4
1 686 2
4 2
1 762 3
6 2
1 133 2
3 6
1 1051 2
3 5
1 224 0
2 762 3
2 224 0
1 363 0
7
2 363 0
4 4
1 1453 5
1 1351 4
1 1258 2
1 104 0
4 2
4 4
1 1276 1
1 967 4
1 1014 1
2 1258 2
1 744 1
1 902 0
1 56 3
4 0
3 1
6 1
1 906 0
1 708 3
7
2 708 3
7
6 0
6 3
1 942 6
1 313 6
3 3
3 6
7
3 0
1 1021 6
1 1048 5
1 1494 5
1 1017 0
3 6
1 914 3
1 945 4
1 1127 0
1 955 2
2 945 4
1 1093 3
1 819 6
1 687 5
2 819 6
1 842 5
1 390 6
4 6
4 5
1 856 3
7
1 1017 1
3 3
4 1
1 979 0
1 1 6
1 813 2
1 909 4
1 415 3
2 1017 1
5 3
2 909 4
1 1165 2
1 322 5
5 2
4 2
1 696 4
3 2
7
1 587 0
5 0
1 1305 5
5 4
4 5
7
7
3 5
1 548 3
3 3
1 57 6
6 6
4 6
5 6
7
7
7
1 495 5
7
7
1 1299 0
2 1299 0
1 1379 1
5 1
6 1
1 265 4
1 817 3
3 6
1 1140 1
2 1140 1
2 265 4
1 982 3
7
7
6 3
1 1300 6
1 1346 5
7
1 1026 1
1 835 2
1 1172 4
6 2
4 3
1 1233 3
1 174 4
1 1162 6
1 710 4
1 967 2
3 3
1 192 3
4 1
1 72 6
1 1184 3
7
1 1314 2
7
1 265 2
2 835 2
5 2
1 1298 3
6 4
6 5
7
1 59 4
1 1449 5
6 3
5 5
2 1162 6
7
1 1241 1
2 1346 5
2 1172 4
1 948 2
4 3
1 1111 4
1 975 1
1 592 6
6 1
1 521 3
2 1184 3
5 1
1 1155 4
1 974 6
2 1026 1
1 797 4
1 1270 2
5 5
1 499 2
1 1416 4
6 2
6 4
7
6 1
6 4
6 5
1 62 1
1 328 6
1 389 3
1 632 5
2 1300 6
1 259 5
2 975 1
3 4
7
1 349 1
1 1224 5
1 1174 0
7
7
1 563 0
5 6
3 6
1 1280 6
3 1
1 1347 3
6 4
1 988 3
4 6
6 2
1 187 5
6 5
5 5
1 348 3
7
2 17 3
1 966 5
1 561 5
1 655 4
1 876 0
1 1465 5
1 1423 1
1 903 5
4 3
5 1
6 0
2 876 0
7
3 2
1 211 0
1 966 4
1 606 1
1 1445 3
3 6
4 1
7
7
1 684 0
2 966 5
1 878 3
6 1
1 205 0
1 143 2
1 324 0
7
1 868 5
1 1011 5
1 176 5
1 1431 0
1 1068 4
1 33 3
5 5
1 721 6
2 966 4
5 2
5 0
1 938 3
2 324 0
1 693 4
5 4
2 693 4
1 288 3
1 1396 4
4 5
5 0
3 1
4 3
1 580 5
2 903 5
1 966 5
1 631 3
4 6
1 517 4
1 1419 6
1 1256 3
2 1465 5
1 285 0
1 646 6
2 631 3
1 1208 5
1 269 3
6 3
7
5 2
1 1166 4
4 4
2 288 3
1 115 3
1 410 5
1 392 4
3 6
6 4
6 2
1 1465 4
1 242 4
7
1 1101 6
1 900 1
3 2
1 419 2
7
3 4
4 1
1 1144 5
3 0
1 108 5
7
5 1
6 4
1 150 1
2 108 5
1 989 4
3 2
6 5
1 152 4
4 5
1 25 3
3 3
5 4
1 948 2
2 948 2
1 955 4
6 4
1 747 6
2 747 6
6 6
1 946 6
1 1190 6
1 159 0
1 1415 4
7
1 668 5
6 0
1 1060 4
3 2
1 892 4
1 105 0
1 1446 5
7
3 6
1 265 2
3 2
5 5
1 582 5
1 88 4
1 1388 5
1 474 0
1 845 6
2 668 5
1 465 3
1 97 0
7
5 3
7
1 55 2
4 0
1 879 1
3 0
1 286 3
3 6
2 879 1
7
1 852 4
1 330 1
3 1
3 3
1 1437 2
6 2
1 573 1
1 188 2
7
1 1041 6
3 6
1 1074 1
4 1
3 1
2 1401 3
7
4 3
1 871 3
7
3 3
1 116 1
4 1
1 827 3
4 3
1 358 4
4 4
4 3
6 0
7
1 1221 5
2 827 3
1 1215 5
1 848 1
1 1465 5
5 1
5 5
3 1
1 1191 5
6 5
6 2
7
1 237 1
1 833 1
7
6 5
6 2
2 1221 5
4 5
1 296 1
1 172 0
6 3
1 917 3
5 3
2 172 0
1 279 0
6 6
5 0
6 4
4 3
1 911 4
1 587 4
1 1460 1
1 1217 5
1 1427 0
6 6
2 177 2
1 336 1
1 191 1
1 510 3
1 711 4
5 1
7
4 5
1 256 6
1 1034 1
1 578 2
1 1433 3
1 1151 3
3 0
2 1034 1
1 443 4
3 1
2 1217 5
7
2 315 4
1 550 2
1 1056 3
2 256 6
2 578 2
1 44 5
3 2
5 3
5 5
3 3
1 517 1
5 1
1 545 3
2 545 3
6 4
7
1 452 2
2 452 2
5 5
7
1 1198 5
2 1198 5
2 1435 1
7
5 1
1 903 5
1 21 3
5 5
3 5
6 2
3 3
2 1276 6
7
1 674 5
6 5
2 674 5
1 1060 1
2 1060 1
2 548 6
7
6 1
1 1345 2
4 2
1 262 1
3 1
6 0
1 71 4
5 4
2 71 4
1 558 2
1 959 5
4 5
5 5
1 739 0
7
1 115 2
1 467 6
1 829 3
1 1038 2
5 6
7
1 137 3
1 534 3
4 3
6 3
1 687 2
4 5
1 996 0
2 829 3
1 818 2
4 6
5 2
1 1034 6
7
1 295 5
1 320 5
2 467 6
2 687 2
7
7
3 0
1 1211 1
1 143 5
1 641 4
1 770 3
3 6
4 4
1 148 4
7
4 3
1 351 0
6 1
2 641 4
1 1465 2
7
1 175 2
7
4 4
1 205 2
3 4
2 1211 1
6 4
4 2
7
7
1 928 1
4 0
2 351 0
1 1372 1
4 6
1 421 1
1 1133 4
2 421 1
1 247 4
5 4
4 1
1 574 1
1 216 1
1 95 1
4 4
2 928 1
1 1364 0
6 0
1 347 6
1 1280 5
5 5
2 347 6
2 1364 0
1 1192 4
7
1 962 2
5 4
2 962 2
2 46 3
3 3
1 95 0
1 512 0
5 0
1 223 3
7
4 3
5 3
4 0
1 170 6
1 1324 2
1 373 4
1 1496 5
1 1225 2
1 192 1
1 112 6
1 35 4
5 4
1 1140 5
3 4
1 846 5
5 1
6 3
1 30 6
2 192 1
1 292 2
4 2
4 6
1 23 2
2 30 6
3 2
7
3 6
1 521 3
2 521 3
1 152 5
3 5
1 1471 0
6 0
7
3 0
3 4
6 6
5 3
5 2
2 968 0
4 2
1 1014 2
1 180 1
1 306 3
1 1097 6
3 3
1 705 2
7
7
1 1235 3
1 28 0
1 923 2
1 126 3
2 923 2
7
1 477 1
1 115 1
2 477 1
3 1
1 134 4
6 3
6 2
5 3
5 4
2 126 3
1 1128 2
1 283 5
3 4
1 945 4
3 0
4 4
2 945 4
3 2
1 600 1
7
1 997 4
7
7
6 4
7
3 1
1 620 3
1 995 0
1 1485 4
1 370 5
2 620 3
1 1358 1
5 0
1 1294 0
6 5
5 5
1 166 2
6 0
1 1310 6
1 289 4
2 1310 6
1 216 4
2 166 2
1 739 6
6 3
1 319 4
5 6
2 216 4
1 1032 4
3 6
2 1251 1
3 1
1 181 5
4 5
3 5
1 569 3
3 3
3 0
6 1
5 5
1 143 5
6 2
1 1384 0
2 143 5
1 687 3
7
5 3
4 0
1 1305 5
5 0
3 3
6 5
7
1 1378 2
1 558 0
1 1374 0
1 1130 3
1 1085 6
1 711 0
1 586 6
1 1260 4
2 1378 2
4 3
7
5 6
1 1202 3
1 368 0
1 1182 0
3 4
1 957 6
3 6
3 4
1 1103 0
5 0
3 0
1 627 2
6 3
5 2
2 627 2
1 450 0
1 446 6
1 114 3
4 6
1 54 6
1 1379 5
1 1016 4
7
5 4
1 539 3
3 3
2 1016 4
1 667 6
3 6
3 3
6 5
1 785 5
1 18 4
1 317 2
2 317 2
2 230 3
5 0
1 760 3
1 88 6
2 88 6
5 5
1 496 2
7
3 2
7
6 2
1 162 4
4 4
1 175 1
1 1341 5
1 36 0
3 4
7
1 465 2
6 5
1 1285 3
4 5
6 3
7
3 5
6 1
4 0
3 3
7
7
7
3 0
1 1067 2
5 2
1 930 2
4 2
1 1201 1
1 1124 6
5 6
1 1253 0
7
4 6
1 716 3
4 2
3 6
3 0
4 0
1 834 1
6 3
3 1
3 4
1 47 1
3 1
1 182 5
1 816 2
5 5
6 5
1 854 2
7
1 894 4
5 4
1 590 0
6 2
1 529 2
1 493 2
1 1319 0
7
2 706 4
5 2
7
1 993 3
4 2
1 1109 6
1 758 3
1 724 0
2 854 2
1 279 2
1 1406 1
1 1040 6
1 487 3
6 3
7
1 158 2
1 206 0
1 1097 0
4 6
1 983 5
5 0
7
6 6
6 4
7
4 0
3 3
1 1000 2
4 1
1 1362 4
1 1044 3
1 21 4
6 3
1 108 6
3 2
5 3
1 153 3
4 3
6 4
5 4
1 1425 1
3 3
5 1
7
1 520 6
3 1
6 6
3 6
4 6
1 1253 0
6 0
7
1 893 3
6 3
5 0
1 740 4
1 836 5
7
1 218 2
3 4
5 2
1 1 0
1 503 1
1 776 1
1 1045 2
1 446 5
1 769 1
5 5
4 0
6 5
1 556 0
5 1
1 1013 3
4 3
1 1325 5
1 1100 3
1 714 6
1 215 5
3 2
1 18 2
1 1242 5
1 484 1
5 3
5 2
1 169 0
7
1 944 6
5 3
1 64 4
5 5
6 3
5 0
1 1154 5
5 6
2 1100 3
1 681 0
2 1013 3
3 1
2 1154 5
1 520 2
1 1259 2
7
5 5
1 1203 0
1 989 2
1 291 5
4 0
1 1437 2
1 46 4
3 2
6 0
1 220 2
3 0
7
6 4
3 2
4 4
2 762 3
1 560 6
1 1207 2
3 6
3 2
1 791 6
2 791 6
1 955 3
5 3
1 597 3
4 3
6 3
1 816 0
3 0
1 62 3
7
1 281 1
6 1
1 572 5
3 3
7
7
1 761 1
1 1229 3
3 1
2 1229 3
2 20 6
2 1213 1
4 4
1 573 0
4 0
3 0
1 846 4
1 587 2
1 423 0
5 0
2 587 2
1 487 6
5 6
1 1327 6
1 271 1
1 860 5
6 5
1 314 6
7
1 181 1
1 1015 4
7
2 1015 4
3 3
4 4
1 763 1
2 763 1
7
3 1
2 450 5
4 5
3 5
1 515 2
1 1187 5
1 1458 2
1 1189 6
1 308 6
7
4 2
1 1296 5
2 1296 5
1 1283 1
4 1
1 1116 2
6 2
6 5
1 591 0
2 1187 5
4 6
5 1
1 368 5
1 187 1
1 643 4
2 1283 1
3 6
2 643 4
1 623 1
3 1
2 433 6
1 1125 3
1 1053 3
3 3
3 5
1 1066 3
4 3
2 1066 3
3 1
1 709 3
1 339 5
1 1265 0
5 5
3 0
1 844 0
2 339 5
1 527 4
2 527 4
4 0
1 55 4
7
1 52 1
2 55 4
1 317 0
1 289 2
1 772 0
1 923 2
7
2 923 2
6 0
3 1
5 3
1 1229 5
1 1134 0
1 1487 4
2 1487 4
4 4
1 1446 3
4 3
1 444 1
1 1498 5
1 734 5
1 24 6
1 600 2
1 353 4
1 395 3
6 4
1 170 2
7
4 6
4 1
2 317 0
4 4
3 3
1 281 0
4 6
1 879 0
7
1 885 4
1 297 6
2 885 4
6 0
6 2
1 1331 4
5 4
1 1054 0
6 4
1 534 4
1 1265 5
2 734 5
1 903 3
5 5
1 731 6
1 558 1
1 18 3
1 1293 3
1 164 2
7
1 1140 1
2 1498 5
6 6
2 1496 4
4 3
7
2 731 6
1 1001 1
5 3
1 1062 5
1 212 3
1 409 5
1 1299 4
7
1 428 6
6 1
1 47 1
6 0
1 810 1
1 797 1
1 1186 1
1 572 6
4 0
4 5
1 421 1
1 371 4
3 5
2 1054 0
2 281 0
1 715 5
6 3
1 237 0
2 297 6
5 6
1 465 0
3 6
7
1 36 4
4 2
7
1 1191 5
5 4
2 810 1
1 773 3
4 3
1 447 4
1 1473 6
1 520 1
3 4
1 879 6
1 165 5
4 0
3 5
2 442 3
7
2 325 6
1 443 5
3 3
1 1248 0
1 743 0
1 1369 4
1 746 1
1 391 0
6 4
3 5
3 1
5 5
4 4
3 0
6 6
1 1462 1
3 1
5 1
7
3 5
2 1227 5
6 4
1 278 2
1 1070 6
6 3
2 278 2
7
4 6
5 6
3 6
6 5
5 4
1 956 1
1 1256 3
1 135 1
1 1491 2
1 1203 3
7
5 2
1 677 4
2 1491 2
6 4
1 1433 4
1 113 6
7
1 476 0
2 677 4
1 88 1
4 0
1 746 4
1 785 5
1 1361 1
4 6
1 829 2
1 993 6
1 888 1
3 2
1 385 0
1 258 0
3 0
5 6
6 0
1 1000 1
1 861 6
5 1
1 573 2
1 909 6
1 627 6
5 2
1 1262 6
5 1
1 1056 3
5 3
1 299 6
1 307 6
1 739 5
1 1190 2
3 6
2 739 5
1 122 3
4 3
2 122 3
7
7
2 406 1
7
1 831 6
2 831 6
1 505 1
1 383 4
1 240 5
3 0
1 227 2
2 240 5
1 1141 5
3 5
3 6
2 1308 4
2 1272 6
2 1163 2
4 1
1 1390 3
4 3
7
7
1 489 4
7
1 797 4
2 797 4
3 3
7
7
1 931 5
7
1 1471 2
6 5
1 410 6
5 5
4 4
1 233 0
1 308 0
1 65 6
7
1 445 1
4 2
4 0
5 0
7
7
1 280 4
7
2 931 5
1 514 4
1 1264 4
1 1311 0
1 1336 5
2 65 6
3 0
3 1
1 1068 0
2 1068 0
2 905 1
6 3
3 0
1 174 6
1 1191 0
1 804 0
2 1191 0
2 174 6
6 0
1 592 5
4 5
7
5 5
3 5
2 913 3
3 1
2 412 5
6 3
7
1 1208 0
6 0
3 0
5 6
1 1007 3
4 3
2 1007 3
7
4 0
3 4
2 331 4
5 3
1 1070 3
1 1033 1
1 965 2
5 2
6 3
1 1313 4
6 4
3 1
1 134 2
7
2 965 2
3 2
1 211 0
1 379 5
2 211 0
5 5
7
7
1 1009 2
6 2
1 1215 3
1 590 5
7
1 127 4
1 563 3
1 581 5
1 1141 1
1 1117 6
7
1 354 6
5 2
6 1
2 1215 3
6 4
1 487 5
1 658 1
1 195 0
6 5
2 1009 2
7
6 4
1 155 2
2 1117 6
2 354 6
1 1468 2
7
1 905 2
7
1 142 2
1 1462 6
6 1
3 6
5 1
6 0
1 495 1
1 965 5
1 1358 5
3 2
2 965 5
2 1358 5
1 774 6
1 761 6
7
1 1277 2
1 652 3
6 3
5 3
2 1277 2
2 652 3
1 1138 3
2 1138 3
1 575 0
1 968 0
7
6 0
1 611 6
1 211 6
2 211 6
1 1274 5
7
5 6
1 85 4
5 4
1 1248 5
4 1
4 0
3 6
3 4
1 1285 6
1 758 3
3 6
1 350 2
7
6 5
1 285 1
3 3
3 2
6 1
5 1
1 478 6
1 151 3
6 3
1 579 1
1 1105 2
1 149 0
7
3 1
1 61 5
7
5 0
2 1105 2
6 1
1 198 0
1 111 6
6 5
1 937 1
1 266 3
6 1
2 198 0
4 1
1 619 3
7
6 3
1 550 3
1 1271 4
6 4
1 413 0
2 1271 4
6 1
1 697 3
2 937 1
7
4 3
1 665 3
3 3
1 785 5
6 2
7
4 5
1 896 2
3 5
1 552 2
5 2
3 2
3 5
1 817 0
1 744 4
7
4 0
7
1 1279 5
5 6
1 1478 4
2 1478 4
1 1454 5
1 1030 0
1 728 2
1 215 4
7
6 3
1 1222 0
2 1222 0
7
1 701 0
5 0
6 2
1 167 2
6 5
2 1279 5
6 2
7
4 5
7
7
3 2
1 1007 4
1 111 4
5 4
2 1007 4
1 461 2
1 1362 0
4 4
1 1289 6
1 563 3
3 4
2 1362 0
1 1055 0
2 1055 0
2 760 4
7
4 2
1 597 1
3 1
2 111 4
7
1 165 6
1 1459 0
6 6
5 0
3 6
3 0
1 344 5
1 1257 2
1 441 4
6 1
1 985 3
1 883 6
2 441 4
2 883 6
2 985 3
1 1150 3
1 200 1
4 1
5 3
7
4 3
7
1 402 6
3 6
1 1394 6
5 1
3 1
1 711 2
1 1045 4
1 1211 1
2 711 2
5 4
3 4
3 1
7
1 37 4
3 4
3 6
1 1049 4
6 4
7
7
7
3 4
1 809 3
1 1292 2
3 2
2 1437 5
1 197 3
7
6 3
5 3
1 1436 3
1 143 3
3 3
2 43 6
1 192 0
2 192 0
4 4
1 973 3
1 917 5
1 597 2
7
1 538 5
1 1367 6
1 1127 6
1 461 5
3 2
2 1367 6
7
1 547 2
2 547 2
1 270 0
1 1398 0
1 153 6
3 6
1 822 0
2 1398 0
3 0
1 319 5
6 5
3 5
2 347 4
1 1176 1
1 1475 0
5 0
7
2 1176 1
1 1235 6
1 314 5
2 314 5
5 3
6 2
5 4
2 292 4
4 2
3 0
2 850 3
4 6
3 5
2 84 1
2 883 0
7
2 1496 5
5 2
1 1209 4
4 4
6 4
2 1209 4
6 2
6 3
1 494 2
1 755 1
3 1
1 1352 1
4 1
1 1024 3
1 1333 1
1 1117 4
2 1024 3
1 780 0
1 1451 4
1 1328 3
1 770 5
1 1031 4
2 770 5
4 3
7
5 0
1 1493 4
7
3 4
1 1332 0
7
1 77 0
2 77 0
3 0
2 853 1
2 225 4
3 3
2 1232 5
5 3
1 620 5
6 5
2 620 5
1 1416 2
1 706 1
3 1
1 481 2
7
5 2
2 481 2
1 715 5
1 115 1
6 1
1 633 2
1 571 4
1 871 0
3 2
1 1105 2
1 1117 2
1 143 5
1 1182 6
7
5 4
5 5
2 1182 6
7
1 1294 5
6 2
2 1105 2
1 1147 4
1 1311 6
4 5
7
6 5
4 0
5 2
1 440 1
1 1432 6
6 2
1 1381 6
1 323 3
1 322 3
6 4
1 1392 3
2 1311 6
2 1117 2
1 729 0
1 882 3
1 809 4
1 1255 1
3 6
1 43 2
1 464 1
7
4 1
2 809 4
1 1342 1
1 738 6
2 1255 1
1 470 3
1 1143 4
1 275 5
1 36 2
1 955 3
7
1 1012 2
1 264 2
1 136 0
1 22 1
6 6
1 776 2
1 201 3
1 1296 1
1 25 1
1 1210 4
3 3
1 480 6
1 1 0
1 426 4
2 275 5
1 1001 6
5 6
1 1072 2
1 272 2
1 721 4
1 293 1
3 1
1 1077 3
2 1077 3
1 601 4
1 679 6
7
1 659 3
1 466 4
7
1 395 1
3 3
4 6
1 909 1
1 1318 2
1 750 4
3 6
4 2
1 649 3
5 2
3 1
1 910 4
1 604 0
5 4
3 4
1 1046 6
5 6
5 0
7
3 2
7
2 604 0
2 1046 6
5 1
5 6
7
7
1 393 2
1 1004 2
1 1278 6
7
1 832 2
1 696 0
1 464 1
1 1161 6
1 259 3
5 1
7
1 583 0
1 1194 0
4 3
1 186 3
6 3
7
1 465 1
1 1177 2
2 1278 6
6 0
3 3
7
1 688 2
2 696 0
1 1291 1
6 1
4 2
6 0
1 1354 4
7
3 0
6 2
2 465 1
1 406 4
3 2
1 425 6
6 4
1 289 5
5 4
1 722 5
3 4
1 114 3
1 1058 6
1 1490 0
1 1120 1
3 5
4 1
1 229 4
1 347 3
1 193 6
1 1408 2
1 535 4
2 193 6
7
4 2
5 1
7
7
4 1
4 0
1 209 6
7
7
2 1408 2
3 6
2 270 2
5 3
4 6
1 141 6
1 985 3
7
1 877 6
1 1408 1
1 620 4
1 706 1
2 620 4
1 58 4
7
7
1 1053 3
1 1254 6
6 3
5 1
7
4 3
5 3
1 337 4
2 706 1
1 685 3
3 1
3 4
1 552 2
1 896 2
7
3 6
6 1
1 612 0
7
1 219 2
1 990 1
1 484 5
1 351 2
4 1
1 1012 4
7
1 592 6
4 6
1 430 1
1 419 5
3 5
3 1
2 592 6
1 1199 5
7
1 992 0
5 0
4 5
6 5
1 1335 2
7
1 868 0
1 792 4
1 0 2
1 877 4
1 285 0
4 4
2 877 4
1 1072 4
6 4
1 594 5
1 727 3
3 5
5 3
1 680 5
3 0
1 399 2
3 3
4 5
3 5
4 6
3 6
1 696 1
2 696 1
2 38 3
1 74 2
7
6 2
7
1 1003 6
1 1255 1
3 1
5 6
6 6
1 839 2
2 1003 6
1 303 4
1 319 6
1 940 1
3 6
1 1039 2
1 818 1
1 1372 1
1 570 6
1 1138 3
1 287 5
1 1274 3
2 1138 3
4 5
6 5
1 1133 4
6 4
1 1459 4
3 5
1 354 4
1 69 5
2 69 5
7
7
4 6
5 0
3 2
1 186 2
7
1 731 5
1 925 5
2 731 5
6 5
1 891 3
1 1219 4
7
1 776 5
1 1229 4
4 4
7
7
3 6
6 6
1 547 0
1 411 6
1 1074 0
1 1246 0
1 760 6
7
7
2 760 6
4 6
7
1 1473 3
4 5
2 1219 4
1 241 0
2 891 3
1 995 3
4 2
3 4
7
1 926 6
6 0
4 6
6 6
7
1 1309 1
1 268 3
1 539 1
1 272 3
1 1155 1
4 3
1 1301 0
1 375 0
4 0
3 0
1 239 4
4 4
1 519 2
1 206 3
1 1228 5
1 250 5
1 602 3
1 1014 1
1 831 6
5 5
1 383 4
1 926 4
1 1463 5
1 344 3
7
7
5 2
3 5
1 824 4
1 931 0
1 963 1
1 1468 6
7
1 108 6
7
1 681 1
2 519 2
6 0
7
4 0
6 1
5 4
5 1
5 4
1 914 5
1 453 5
1 952 5
6 5
1 876 3
1 1163 3
6 3
7
5 1
1 701 1
4 1
3 4
7
7
6 5
1 110 1
6 1
6 3
4 3
7
1 1374 1
5 5
4 5
4 3
1 1016 1
3 1
1 1359 6
1 36 0
1 1251 4
4 0
5 4
1 627 1
7
6 1
1 220 3
1 315 1
3 0
1 282 6
1 679 2
1 279 5
7
1 1488 4
1 185 6
7
1 147 4
1 1054 5
1 872 5
1 1023 1
1 1155 0
5 5
1 553 5
7
1 629 3
1 92 6
1 1239 0
6 5
5 0
1 151 2
1 341 1
2 679 2
1 1160 3
1 77 5
1 78 3
4 6
2 185 6
1 883 4
2 92 6
1 434 2
1 1158 1
5 6
5 4
1 659 2
1 1090 0
1 334 0
3 5
2 129 5
1 422 1
5 3
6 2
5 0
1 490 5
1 1321 4
1 938 5
2 629 3
2 341 1
1 919 1
4 5
2 623 6
3 3
1 500 6
1 1107 4
1 1341 1
1 783 1
5 6
1 819 2
5 2
3 4
2 1239 0
1 409 4
1 402 6
2 1341 1
6 5
1 110 0
5 0
1 344 0
7
1 439 2
3 1
3 2
1 77 3
1 421 5
5 3
1 753 1
7
5 4
3 3
2 753 1
1 791 6
1 1318 5
4 6
1 988 4
1 1085 1
4 0
1 712 4
1 487 0
2 712 4
4 1
6 4
1 111 5
2 1318 5
3 5
2 487 0
3 1
1 12 5
7
1 910 5
6 5
2 12 5
4 5
1 1090 4
3 5
6 4
1 958 5
7
5 5
1 751 6
5 4
2 751 6
5 2
6 0
2 220 4
1 737 1
6 1
5 1
7
4 1
2 737 1
3 1
2 269 2
3 2
6 5
1 127 0
6 2
6 0
1 842 0
2 1221 5
1 1259 4
7
4 0
1 363 3
2 1259 4
4 3
7
1 1131 5
6 5
1 355 5
6 3
1 171 5
6 1
7
2 171 5
4 5
3 5
3 0
3 6
6 3
7
7
6 2
7
7
7
4 3
1 46 1
6 1
2 46 1
7
1 594 4
2 594 4
1 1414 2
6 2
7
3 2
1 1240 0
5 0
1 8 5
4 0
3 5
3 4
1 1061 6
5 6
4 6
7
7
1 545 5
1 899 1
4 5
1 277 1
1 649 3
4 6
1 1165 3
4 5
1 449 1
1 409 2
1 1026 4
1 611 5
1 353 6
3 0
5 2
5 3
1 219 1
1 235 1
4 6
3 5
1 34 2
2 449 1
1 1291 2
7
3 1
1 639 2
2 1291 2
1 287 2
2 1026 4
1 1475 4
1 72 2
1 117 1
3 2
7
1 1400 4
1 1 4
1 282 1
1 754 5
1 564 2
5 1
1 14 2
2 564 2
2 1 4
6 5
1 683 2
6 1
5 5
6 5
7
1 72 0
1 257 5
1 1254 3
6 4
1 74 4
1 98 5
1 1179 1
4 0
4 5
1 1117 1
2 1254 3
7
1 1364 3
6 0
1 618 6
6 5
7
5 3
1 164 0
1 1349 6
7
3 0
4 3
1 51 2
3 2
7
6 6
1 1220 5
1 1292 6
7
5 6
1 1297 3
4 5
1 343 3
3 3
7
1 1318 1
1 1270 1
1 1417 1
4 1
3 1
1 66 1
1 791 0
1 549 1
2 549 1
2 66 1
2 791 0
4 6
1 136 6
2 136 6
5 3
1 753 6
5 6
7
7
1 26 3
3 6
1 1348 1
1 104 3
5 0
1 1168 1
7
6 3
5 3
3 1
1 35 1
5 1
2 35 1
5 2
1 1322 1
5 1
1 988 4
1 743 1
1 717 6
1 1109 6
1 1461 5
5 6
7
6 1
2 1322 1
1 572 0
4 4
7
1 786 1
1 444 3
1 92 2
1 514 4
1 54 4
1 881 2
4 5
1 735 6
1 1355 5
1 1084 6
5 0
7
1 188 2
1 967 1
1 738 5
7
6 6
1 1107 3
7
2 1084 6
1 1189 3
5 3
3 0
3 3
6 2
7
7
2 1355 5
2 92 2
6 5
7
4 3
1 377 0
3 6
4 2
1 982 0
5 0
7
1 91 4
1 1015 1
2 377 0
7
4 0
3 4
2 982 0
1 45 2
2 45 2
7
1 543 1
1 1155 4
6 1
2 1155 4
1 1274 3
1 131 3
2 131 3
1 375 4
7
7
2 375 4
5 1
2 4 1
3 0
1 334 6
1 1020 4
7
1 1432 5
5 6
7
2 1432 5
1 201 3
2 201 3
1 912 0
6 0
5 0
7
1 1410 6
2 912 0
1 1352 4
6 6
3 6
5 4
3 4
1 1348 4
1 1086 0
1 387 0
5 0
1 191 0
7
4 4
1 563 5
4 0
1 1392 1
1 479 4
5 5
2 387 0
7
1 539 3
6 3
8
