1 796 1
1 1360 2
1 999 0
1 272 1
1 1344 4
1 590 3
1 491 4
1 167 2
1 913 4
1 434 2
5 0
1 818 1
7
1 514 2
4 4
6 1
5 2
1 542 3
1 1414 1
1 530 0
1 973 3
6 0
5 4
3 2
1 226 4
5 0
2 999 0
1 478 2
2 530 0
7
6 2
3 4
3 2
6 1
2 1308 3
4 3
3 1
6 3
2 6 2
1 938 4
4 4
7
7
3 4
6 0
5 1
1 1384 2
1 466 2
3 2
1 978 2
1 30 4
1 806 0
1 676 4
1 1362 3
4 3
6 4
5 3
1 134 2
1 1084 2
1 182 0
7
1 853 4
7
7
1 898 3
1 1278 3
1 974 0
1 605 0
4 2
1 1082 3
1 19 4
2 898 3
1 572 0
3 0
1 68 4
7
3 3
4 0
3 1
7
1 568 4
2 568 4
1 703 0
1 877 1
7
7
2 703 0
1 671 3
6 1
3 3
4 1
6 0
7
1 225 4
5 4
6 4
6 0
1 426 3
6 2
4 3
1 244 0
7
4 0
1 769 4
2 769 4
3 4
3 0
2 1036 0
1 301 4
3 4
8
