1 796 1
1 1360 2
1 999 0
1 272 1
1 1344 4
1 590 3
1 491 4
1 167 2
1 913 4
1 434 2
3 1
1 235 1
1 578 0
1 1470 3
1 824 0
2 1360 2
1 265 1
2 578 0
7
1 1489 0
7
1 718 4
2 913 4
1 202 3
4 4
1 511 4
1 1388 4
7
6 2
1 1393 2
1 1117 3
1 647 2
1 157 4
1 643 1
5 0
3 0
1 763 4
7
6 1
1 773 4
5 4
3 4
5 1
1 159 2
2 658 1
1 1146 2
1 647 1
1 499 0
1 1392 1
1 5 0
1 1469 0
1 1211 3
1 124 4
1 1263 0
7
2 124 4
2 499 0
1 1384 2
5 2
2 5 0
7
6 2
7
2 1469 0
1 960 0
5 0
1 1103 0
1 1449 1
1 169 0
1 92 0
1 936 2
1 1283 4
5 1
6 1
2 169 0
5 2
6 4
4 0
1 279 4
1 152 0
7
1 1061 4
6 0
5 0
1 745 2
1 295 4
4 1
1 126 2
4 2
1 899 3
1 477 2
6 4
1 1413 4
1 1196 4
5 3
1 1411 3
1 965 3
3 3
4 1
2 1449 1
2 87 1
6 0
7
2 247 1
6 2
1 568 1
1 636 4
1 1091 1
3 1
1 835 2
1 726 4
3 2
2 156 2
1 1470 1
1 935 3
2 1470 1
3 3
1 1092 4
5 4
1 955 4
4 4
1 1083 4
1 106 1
1 146 0
3 1
4 0
1 1153 4
1 267 4
4 4
1 311 3
1 1297 2
1 556 3
4 0
2 267 4
1 1204 3
7
2 556 3
1 872 0
7
4 4
6 3
2 872 0
3 0
2 1204 3
5 2
1 786 2
5 3
2 1297 2
3 3
4 2
1 1267 2
1 1065 0
2 786 2
4 0
1 469 3
1 917 1
1 788 0
3 0
6 1
4 3
1 665 2
2 469 3
6 4
3 2
2 1222 0
2 573 4
7
7
4 1
1 760 4
1 702 3
1 1454 3
1 1195 3
1 13 3
1 74 3
2 127 4
1 605 0
3 0
1 738 3
6 3
1 1373 1
6 1
1 1364 0
6 2
6 1
3 3
1 777 0
7
6 4
1 800 1
7
1 499 4
6 3
2 800 1
3 1
1 217 4
2 217 4
4 4
2 1364 0
2 499 4
1 1055 2
2 1055 2
1 867 4
3 4
5 4
2 751 4
2 175 2
4 2
1 466 2
1 1060 3
8
