1 796 1
1 1360 2
1 999 0
1 272 1
1 1344 4
1 590 3
1 491 4
1 167 2
1 913 4
1 434 2
4 3
5 3
5 1
1 1476 4
1 745 4
6 1
6 4
1 162 0
4 0
7
1 1427 2
1 410 3
5 3
6 3
1 1283 2
2 272 1
5 2
6 1
7
1 1090 1
6 3
2 491 4
2 410 3
1 1286 2
6 4
2 796 1
5 3
7
6 0
2 1427 2
7
2 590 3
1 771 2
7
7
7
6 2
4 2
1 1070 0
5 0
1 216 0
1 1491 3
5 2
2 1070 0
6 3
2 216 0
1 587 4
1 1092 1
7
1 1236 1
1 739 1
2 162 0
3 0
4 1
1 399 1
4 3
1 502 1
5 4
1 859 3
7
3 1
7
1 418 1
4 4
1 265 3
3 3
1 182 3
5 3
1 397 2
2 587 4
1 1147 0
1 258 3
7
1 109 0
2 397 2
6 0
4 0
7
7
3 0
1 1353 0
2 1353 0
5 2
1 231 4
7
1 929 2
2 929 2
2 983 2
7
4 2
7
1 1167 0
1 1321 0
1 1058 3
3 3
5 3
1 1302 0
3 0
1 71 3
1 89 0
1 852 0
2 852 0
1 1023 3
4 3
5 0
1 1168 3
6 3
1 895 1
3 3
1 1344 3
3 1
3 3
2 1 4
4 1
3 2
6 1
1 805 3
4 3
5 3
6 3
3 3
4 1
1 61 1
7
2 61 1
2 1499 0
1 266 0
1 851 4
1 1262 0
1 318 0
1 802 0
5 0
1 314 4
5 4
3 4
1 149 2
3 2
6 1
5 2
1 420 2
6 2
3 0
6 1
6 4
3 2
2 1486 1
1 132 2
2 62 3
1 1139 1
2 132 2
7
6 1
7
1 270 1
5 1
1 423 1
7
2 423 1
1 516 0
5 0
3 0
5 3
1 814 4
6 4
3 4
5 0
1 1001 3
5 3
1 1425 3
4 3
1 552 1
1 7 2
1 380 3
7
6 1
5 2
1 356 1
1 68 1
1 1322 1
5 3
1 851 2
4 1
1 1221 2
7
1 239 2
1 33 0
2 552 1
2 1322 1
7
7
5 1
1 1297 1
1 162 3
1 299 2
4 3
4 1
1 1106 4
6 3
1 736 1
6 0
1 543 1
1 806 1
1 429 3
3 2
6 4
1 652 3
1 1217 2
2 33 0
3 3
1 1415 0
7
1 1374 0
1 1456 2
3 0
5 0
2 1358 1
2 801 4
6 3
4 0
2 263 4
1 611 2
7
5 2
2 611 2
1 455 4
5 4
7
7
1 521 3
7
1 117 1
3 1
1 420 3
1 1010 4
1 8 4
2 420 3
4 4
1 1431 1
1 987 2
1 340 2
2 1010 4
7
2 987 2
1 586 2
6 0
5 2
2 8 4
1 805 1
1 1491 0
1 1076 3
6 1
2 340 2
4 2
1 746 2
2 1431 1
6 2
1 1360 0
2 805 1
6 3
3 3
1 638 1
1 410 0
3 1
1 58 0
7
1 416 0
2 1499 2
5 0
6 0
1 564 0
1 833 0
2 416 0
7
1 1014 0
1 678 0
7
3 0
6 1
1 271 2
1 763 3
1 66 4
1 511 1
6 2
3 3
5 4
1 19 1
7
4 4
1 455 1
6 1
2 511 1
3 1
7
7
1 1222 3
7
1 514 4
1 72 1
1 525 3
3 3
8
