1 796 1
1 1360 2
1 999 0
1 272 1
1 1344 4
1 590 3
1 491 4
1 167 2
1 913 4
1 434 2
4 0
7
3 1
2 352 2
3 2
7
1 957 2
2 590 3
1 1281 3
1 1373 4
5 1
5 4
1 1278 1
6 2
7
2 957 2
7
3 1
5 3
1 355 3
4 3
1 1379 4
4 4
2 1379 4
3 3
5 0
7
1 388 0
3 0
1 1158 2
3 2
1 1492 4
1 108 0
2 1492 4
4 0
6 0
1 897 3
3 3
1 774 2
1 503 4
5 4
3 2
1 316 4
1 616 4
6 4
1 707 1
3 4
5 1
4 1
1 1001 0
2 1001 0
1 1189 2
1 10 4
4 2
1 68 1
2 68 1
2 10 4
6 3
4 3
6 1
2 838 0
1 514 4
1 1483 1
1 985 1
1 964 3
6 4
1 180 2
1 644 3
7
1 914 2
1 46 2
2 514 4
1 1073 3
1 1314 3
1 601 3
3 3
1 459 0
3 0
1 1238 4
5 4
1 115 0
1 936 2
3 4
5 2
1 279 4
1 693 4
3 2
1 1053 3
1 1293 0
1 258 4
6 3
1 1215 2
6 0
1 1448 2
1 868 3
5 3
4 2
2 279 4
2 1215 2
7
6 3
5 0
1 1015 0
1 679 3
3 3
1 559 3
5 2
5 3
5 0
6 2
6 3
7
1 1430 2
5 2
1 982 0
2 1015 0
4 0
2 559 3
1 283 0
1 129 0
3 0
1 108 1
6 1
3 1
1 884 1
4 1
1 870 4
1 401 3
1 1110 4
1 578 1
5 4
1 1463 1
1 584 2
1 1235 2
5 2
7
1 640 0
1 340 2
7
5 3
3 3
1 971 3
6 3
4 2
6 2
1 1482 1
1 934 1
1 82 0
1 1455 1
1 359 0
2 934 1
1 20 1
1 323 1
1 99 0
2 1175 3
2 1235 2
1 703 0
1 1397 1
3 0
4 1
1 1045 2
7
6 1
1 1152 2
1 1312 2
1 1012 1
3 3
2 1045 2
1 1019 0
1 868 2
4 0
7
1 1414 0
5 1
2 1019 0
1 84 3
1 1480 3
2 1414 0
1 1144 0
7
1 1250 0
1 933 0
2 1144 0
1 197 2
5 0
3 0
2 84 3
4 3
5 3
3 3
6 2
5 1
1 719 3
1 944 4
1 1216 1
5 3
2 719 3
6 4
4 4
7
1 513 0
1 467 4
1 1468 1
1 190 4
2 944 4
1 446 0
3 0
5 4
1 897 2
2 897 2
7
1 1427 1
3 1
4 3
6 3
1 222 0
7
1 1478 3
1 1026 2
1 518 1
2 222 0
1 355 1
1 149 3
7
1 1309 3
1 1221 2
3 2
1 655 3
1 1053 0
1 1019 4
1 225 1
1 979 3
7
5 0
1 312 1
7
1 305 2
7
4 1
1 105 4
1 57 3
4 4
6 1
2 225 1
7
1 321 2
5 1
1 1002 1
1 46 0
5 3
5 2
6 2
2 1019 4
2 1444 2
1 674 4
2 46 0
1 1450 1
1 1031 3
1 258 1
1 679 2
1 1188 1
1 898 1
1 713 3
1 156 2
1 618 3
1 1330 0
1 425 3
1 315 1
6 1
6 2
5 0
1 1027 1
6 0
4 0
1 611 1
1 868 0
1 821 1
3 3
4 4
7
2 679 2
1 442 2
6 2
1 421 1
4 1
6 1
1 938 1
1 600 0
7
6 4
5 1
3 4
4 0
2 600 0
1 495 2
7
6 3
1 515 4
7
2 495 2
1 351 2
1 1099 1
1 1279 2
6 1
2 515 4
1 1126 0
2 1279 2
1 1143 0
1 769 2
1 652 4
6 2
1 1453 0
5 0
1 400 2
1 760 3
1 715 0
1 475 1
3 0
4 3
4 4
2 760 3
2 32 4
1 953 4
2 953 4
3 1
4 3
1 216 0
1 538 2
7
1 78 0
3 0
3 2
2 125 0
4 2
7
6 3
3 0
5 4
5 1
7
7
1 744 2
6 2
1 1032 0
1 1144 1
5 2
4 0
1 849 1
1 1252 1
1 1221 1
7
1 444 4
4 2
1 494 1
1 942 0
5 0
1 1065 0
3 1
2 444 4
4 0
1 879 4
3 4
4 2
6 3
1 720 2
1 49 3
7
4 3
1 1169 0
7
1 109 1
7
5 1
6 2
4 2
1 204 3
1 1220 3
3 1
7
5 3
1 232 4
1 739 0
1 381 2
7
5 4
5 2
3 2
2 232 4
2 1221 4
3 4
6 4
1 1455 4
1 533 3
4 3
1 480 2
7
2 1455 4
2 533 3
1 637 0
1 499 4
1 778 0
1 684 2
1 623 4
2 499 4
1 316 0
2 684 2
4 0
3 2
1 538 2
3 4
4 2
1 183 2
3 0
2 183 2
1 908 0
1 1065 2
5 0
4 0
7
1 707 3
7
4 3
1 828 3
1 686 4
7
6 0
1 1467 4
7
2 707 3
5 2
1 1145 0
3 3
1 202 1
3 4
2 202 1
1 270 3
2 270 3
6 1
3 2
1 540 1
1 95 1
1 1330 1
3 1
1 543 3
5 3
6 3
1 68 1
1 1405 3
2 68 1
5 4
1 133 3
5 3
7
7
2 133 3
1 1086 4
4 4
2 1086 4
6 1
1 884 3
2 884 3
2 94 4
2 193 4
6 3
2 630 4
1 439 1
6 1
5 1
1 1366 0
4 1
1 1447 3
1 740 0
2 439 1
7
1 794 1
2 1366 0
7
1 1412 4
1 636 1
7
1 379 1
6 3
6 0
3 4
1 330 1
1 1467 2
4 2
7
2 636 1
1 118 0
3 0
1 1425 2
3 1
1 936 0
3 0
7
1 57 2
1 789 0
2 789 0
3 3
8
