1 796 2
1 230 3
1 535 1
1 314 6
1 1470 6
1 67 4
1 1372 0
1 1141 1
1 656 2
1 1402 4
2 152 6
6 2
2 67 4
1 634 1
1 188 1
1 568 4
1 945 4
5 6
1 220 5
3 6
2 634 1
7
4 0
7
7
1 517 6
1 812 6
2 535 1
1 810 6
1 1298 0
4 4
1 1123 0
1 691 2
1 1114 2
1 30 2
3 0
4 5
7
3 6
1 1094 3
3 2
3 3
3 1
6 4
1 36 6
1 834 0
2 834 0
6 1
5 5
2 1082 5
2 90 1
1 1192 4
1 481 4
1 1181 1
1 574 2
5 1
6 3
1 1314 1
1 1459 2
7
4 1
6 4
3 4
7
3 2
1 477 4
4 4
1 251 3
3 3
7
7
5 5
1 612 3
1 882 3
7
4 3
1 254 4
1 271 1
1 1041 3
2 271 1
7
7
1 515 3
1 992 4
1 974 5
7
1 997 6
1 394 6
7
1 1227 3
2 394 6
4 6
1 11 3
7
7
1 637 6
6 3
1 1140 3
1 1021 2
7
7
7
1 1195 3
2 1140 3
4 2
1 1416 6
7
1 1017 1
4 6
1 932 0
5 2
7
4 0
3 2
1 523 2
6 6
4 2
1 335 3
1 1167 0
1 259 6
7
1 972 5
3 5
4 6
1 703 1
3 1
5 5
3 0
2 335 3
1 1138 1
1 1461 3
7
4 1
5 3
1 22 3
7
1 166 0
1 1028 0
2 1028 0
3 3
2 166 0
4 5
7
2 1364 5
2 1248 3
1 612 5
2 612 5
7
1 723 6
2 723 6
6 5
2 134 1
2 419 5
6 2
2 250 2
5 2
1 1312 2
7
1 84 4
1 1324 6
1 1179 5
1 1286 1
3 5
7
1 281 3
2 1286 1
7
4 3
1 387 4
1 337 6
6 3
1 1248 3
1 190 2
1 407 1
1 1350 3
3 1
1 566 6
1 1070 0
1 73 4
3 0
4 6
2 566 6
2 337 6
4 1
3 4
2 1113 2
7
1 322 1
1 314 3
1 18 2
7
1 471 4
2 18 2
7
4 4
2 471 4
1 279 4
7
1 305 5
1 521 0
7
7
1 481 5
4 5
1 58 2
5 0
1 682 1
1 1210 3
1 1236 3
1 395 3
2 395 3
2 521 0
1 623 6
7
1 883 4
2 1210 3
1 1232 6
3 3
3 6
4 4
1 762 1
6 4
1 167 4
5 4
1 568 1
7
5 1
1 1292 2
2 1292 2
1 1199 5
2 1199 5
2 601 6
3 2
6 0
5 3
1 215 1
3 1
2 275 3
5 1
1 873 4
3 4
1 366 2
1 805 1
7
2 805 1
2 472 2
1 448 6
6 6
3 6
5 5
4 0
5 6
1 482 6
1 983 0
1 597 0
7
4 6
7
1 486 5
1 107 1
5 5
7
6 5
7
1 393 0
7
1 1319 6
1 856 5
1 360 5
1 128 2
7
7
1 1052 6
6 2
1 1230 2
2 486 5
7
3 2
1 306 5
6 5
1 300 3
4 3
1 9 5
1 1257 2
7
3 5
1 1237 0
1 290 6
2 1237 0
4 6
1 503 5
1 847 3
1 578 1
6 6
6 3
7
5 6
2 847 3
3 1
1 76 1
4 5
4 1
1 865 1
1 133 1
5 1
6 1
7
7
2 814 4
1 1370 6
1 159 0
6 5
1 1253 4
2 865 1
1 360 1
1 137 2
1 93 4
1 1155 2
2 360 1
3 4
1 1456 0
6 2
3 0
4 5
1 981 3
2 981 3
4 1
6 5
1 714 4
3 4
1 762 2
4 2
1 680 1
7
3 1
4 0
5 4
2 688 5
5 0
1 877 3
3 3
7
1 840 5
5 5
4 5
3 5
1 977 6
1 92 3
6 1
6 3
4 3
1 1 0
7
2 92 3
2 1 0
5 4
2 710 2
2 395 6
1 197 5
4 5
1 1256 3
1 661 3
1 71 3
1 1428 4
3 3
1 1081 2
3 2
3 6
4 6
1 1396 4
1 1179 4
4 4
7
1 1203 2
1 439 0
5 2
4 2
4 4
5 4
6 2
6 1
2 1179 4
3 0
2 1196 5
1 131 6
1 981 0
1 763 1
1 243 6
5 1
5 6
3 6
1 2 6
4 6
1 78 0
6 6
5 1
1 180 1
4 1
1 438 4
1 1103 6
1 915 3
1 1216 6
3 3
6 1
1 148 2
1 646 2
1 505 1
2 505 1
4 0
3 2
5 4
1 1065 2
5 2
7
1 1132 0
1 1352 5
3 5
2 1132 0
1 1117 5
4 5
1 1457 5
5 5
1 804 2
5 2
3 2
3 0
2 490 2
3 3
1 1053 1
6 3
1 557 5
5 5
7
1 916 2
4 2
1 262 4
1 894 2
2 262 4
1 791 3
2 791 3
6 5
5 4
4 4
7
6 0
4 6
4 5
5 1
7
1 1485 5
1 1056 6
3 6
4 0
1 1438 5
4 5
7
1 169 4
1 1354 5
6 5
1 730 0
1 591 3
7
1 673 3
1 180 4
7
2 1043 3
1 1361 2
4 2
7
1 1103 4
1 609 3
2 673 3
6 2
4 4
6 0
4 0
1 543 0
4 3
1 1016 1
3 0
1 1377 3
1 1048 0
1 845 0
7
1 1085 4
6 3
1 435 1
4 1
4 2
3 2
1 554 5
5 0
2 1048 0
1 618 3
3 0
4 3
5 3
5 5
1 975 2
6 6
3 5
3 3
2 975 2
1 86 3
1 1050 3
1 136 0
5 3
5 0
2 1050 3
1 716 2
3 0
1 755 2
1 536 2
3 2
1 1383 4
3 4
3 5
5 6
1 91 1
5 1
4 1
3 1
1 400 0
1 1266 1
2 1266 1
4 3
6 2
7
1 1277 1
1 985 2
1 1415 2
6 1
6 6
1 314 6
5 6
1 997 5
1 1310 6
1 179 3
1 928 6
1 403 3
6 3
2 179 3
4 6
1 171 6
3 6
1 519 4
7
7
4 4
3 3
3 4
1 1432 3
3 3
1 444 5
1 694 2
3 2
1 12 1
1 1283 2
6 1
7
7
3 1
1 760 6
4 6
3 6
1 1388 2
1 345 5
3 5
2 1179 1
1 111 5
7
1 1151 6
3 6
1 1401 6
7
7
6 6
1 1496 4
2 1401 6
3 4
4 0
7
1 528 5
7
7
5 0
5 5
1 839 2
3 2
2 173 0
1 433 4
1 547 1
5 4
7
7
6 0
2 433 4
1 1200 0
1 129 5
7
1 138 2
3 1
3 0
2 129 5
1 1412 2
1 718 5
1 857 0
1 704 6
6 5
5 6
4 6
1 966 0
5 2
3 5
5 0
1 247 5
1 988 5
4 4
2 966 0
3 0
7
2 247 5
3 5
2 820 5
1 390 3
6 3
2 390 3
1 1210 5
1 1289 1
1 438 6
4 1
5 5
1 1253 1
2 438 6
1 147 4
6 4
5 1
1 276 2
1 575 6
1 332 5
5 2
5 5
1 1467 6
1 979 3
1 641 5
1 549 0
1 1496 1
4 2
1 668 0
2 575 6
3 2
3 0
1 1405 1
7
4 1
1 367 4
1 683 5
1 607 1
1 736 6
1 1028 4
1 534 5
7
3 1
2 1467 6
3 4
3 0
1 575 1
3 1
7
4 4
1 1139 3
7
2 1139 3
1 1449 3
4 3
1 808 3
2 808 3
5 3
1 1301 1
1 9 2
5 1
1 1075 0
3 3
2 1301 1
1 1029 4
5 4
5 0
1 1478 6
1 1390 6
6 6
4 2
4 4
1 1440 5
1 460 5
1 1259 5
1 645 6
7
3 2
1 1371 0
2 1029 4
3 0
4 6
1 150 3
3 3
1 709 6
1 1284 0
1 696 0
7
1 869 3
1 1482 2
1 343 6
1 1304 5
7
5 5
5 6
1 1238 0
7
1 131 2
3 5
7
1 1013 1
7
1 1217 3
1 856 3
6 0
1 696 4
3 4
7
1 1293 4
4 4
5 1
2 1013 1
1 1483 4
1 1163 5
1 246 3
2 246 3
6 5
1 1201 6
1 908 2
3 3
6 2
1 1106 0
1 1155 3
7
7
1 1032 2
1 1445 5
5 3
6 3
7
7
4 6
1 1348 2
3 1
3 3
1 1433 4
1 915 1
1 809 4
1 1074 2
2 1106 0
3 4
6 2
2 915 1
2 1074 2
1 790 1
1 863 1
1 1246 5
2 1246 5
7
3 0
7
1 389 4
5 4
6 4
4 4
1 746 6
3 4
1 236 3
1 357 3
1 1033 6
1 289 4
1 62 3
4 6
2 62 3
1 467 5
4 3
2 357 3
7
1 374 1
1 623 4
1 1479 6
1 914 1
7
2 1033 6
1 1451 6
1 1442 5
6 1
7
2 746 6
1 713 1
1 1263 3
2 1263 3
3 3
4 1
1 159 1
1 303 6
7
1 18 4
6 4
2 623 4
5 5
5 4
1 1288 6
1 1190 2
1 1243 3
4 2
1 440 1
2 467 5
1 661 0
2 914 1
1 568 0
1 1262 4
1 702 3
6 1
5 6
6 3
3 5
4 6
1 77 3
1 629 5
7
1 974 6
6 1
2 661 0
5 2
7
2 303 6
1 741 6
1 831 5
1 262 6
1 665 5
1 896 4
6 0
4 2
4 1
1 566 0
5 5
1 1317 0
1 1263 5
1 1153 6
2 1153 6
1 1081 3
1 560 0
7
4 5
7
1 825 5
7
5 4
1 513 2
1 580 5
4 3
7
3 2
1 1006 5
1 266 0
5 3
1 1352 6
6 5
6 3
1 1175 4
4 4
6 5
3 6
3 4
2 560 0
2 568 0
4 0
1 697 1
1 255 5
7
6 1
5 0
5 5
1 1204 3
1 471 6
1 1280 0
1 815 0
2 1280 0
1 1358 6
1 968 2
7
1 158 3
5 1
1 535 2
1 235 1
1 377 4
1 1477 3
1 94 3
1 652 5
5 5
4 4
1 630 3
4 5
7
1 1363 2
6 4
1 411 2
7
2 1358 6
1 1306 4
1 561 3
4 4
7
2 235 1
5 6
5 5
6 0
7
6 6
2 1363 2
5 3
3 5
6 3
5 4
1 1284 0
1 1033 3
6 2
2 535 2
1 948 2
1 129 0
1 376 5
6 0
3 6
5 2
1 32 4
1 1463 4
1 414 4
5 4
5 2
1 351 1
5 0
6 5
4 5
1 1336 2
3 0
1 898 1
7
1 251 3
3 1
1 871 0
7
7
6 0
6 3
1 1479 2
1 1363 3
2 1479 2
1 903 5
1 308 5
3 5
1 882 2
1 806 4
7
2 882 2
4 4
1 1247 4
1 432 3
6 4
1 1217 3
5 4
5 3
2 1217 3
1 222 6
4 6
1 1237 2
2 222 6
5 2
2 1237 2
2 1076 0
2 739 4
7
1 1405 4
3 4
1 1360 3
1 788 2
6 3
4 3
4 2
2 1360 3
1 1220 4
1 859 4
1 570 3
6 4
3 2
7
1 88 6
7
1 229 1
1 336 4
1 118 5
5 6
3 6
3 5
3 3
1 248 2
1 1281 0
1 842 4
3 0
1 106 2
8
