1 796 2
1 230 3
1 535 1
1 314 6
1 1470 6
1 67 4
1 1372 0
1 1141 1
1 656 2
1 1402 4
6 4
1 1054 6
1 1439 6
2 154 4
6 0
2 230 3
5 1
1 1344 1
7
1 324 2
1 1390 4
2 324 2
7
1 760 1
2 1054 6
3 0
1 1200 6
1 259 0
1 1094 3
7
6 1
3 1
6 0
1 770 6
1 1183 2
5 0
4 1
4 2
1 1378 4
1 1046 1
1 362 5
6 3
3 4
2 1046 1
1 386 2
1 127 6
1 1220 2
4 6
5 2
2 1220 2
6 2
1 133 6
7
3 2
1 948 0
1 691 3
1 58 0
1 207 5
1 765 1
2 207 5
1 1170 1
1 169 1
2 169 1
1 285 6
2 285 6
5 0
1 722 0
1 1303 2
1 655 6
7
1 1251 5
1 157 6
6 6
1 887 5
1 757 4
1 311 3
1 431 1
2 1303 2
6 4
5 6
1 110 4
4 5
1 552 6
1 641 2
1 62 2
2 1251 5
6 5
1 279 5
1 1131 6
4 4
7
4 1
2 887 5
1 756 3
4 5
1 452 0
2 655 6
6 1
6 2
2 157 6
1 61 6
1 176 6
1 486 1
3 5
7
7
1 1115 6
1 505 3
7
5 0
1 730 0
7
6 0
6 2
1 177 3
1 1363 2
1 1297 5
5 5
5 3
6 6
7
1 1409 1
3 3
1 1270 5
1 333 4
6 1
2 1297 5
1 1120 5
3 0
1 321 0
1 641 6
1 1200 3
7
3 4
6 3
4 0
1 209 0
2 209 0
5 0
6 0
1 1431 4
1 1013 4
4 4
7
4 2
1 441 2
5 1
1 579 3
5 0
1 435 6
5 3
2 1013 4
3 6
1 1256 1
1 1357 6
1 669 4
7
7
6 1
7
4 4
1 1194 2
3 2
1 1411 5
1 1137 2
1 838 1
7
6 4
2 1411 5
1 872 5
1 738 5
1 797 0
1 242 4
3 0
1 15 4
5 2
1 1273 2
2 242 4
7
1 306 6
1 21 3
1 899 4
2 306 6
5 4
1 977 4
4 3
1 1010 1
5 1
3 1
4 4
2 813 0
4 6
1 956 0
1 1041 5
1 649 2
1 1286 3
4 2
2 1041 5
3 2
6 3
1 1282 2
7
6 2
7
3 3
1 209 3
5 2
4 3
7
5 3
2 1282 2
7
3 5
6 3
3 3
4 1
2 8 3
5 2
3 5
1 1217 6
3 6
7
7
6 5
1 783 6
1 629 6
1 677 4
2 783 6
1 1447 4
1 1163 3
1 935 2
4 3
4 2
2 677 4
1 1299 3
4 6
2 935 2
5 1
1 609 1
1 207 2
2 207 2
1 1032 1
1 793 2
7
6 4
6 1
2 793 2
6 6
4 1
5 2
1 853 1
7
1 1072 1
6 1
1 1199 2
1 776 3
1 528 0
2 776 3
1 131 6
1 575 2
3 0
6 6
7
1 472 5
6 2
5 5
1 1331 1
5 2
1 58 5
3 2
4 5
1 46 4
1 603 4
7
1 1334 1
7
2 46 4
2 1334 1
5 4
1 896 6
3 5
1 944 4
1 197 4
7
1 652 2
1 1451 2
3 4
1 522 5
7
7
5 5
7
5 6
1 680 6
1 315 4
1 699 2
5 5
2 680 6
2 315 4
1 1186 2
5 2
1 392 5
2 392 5
1 1358 3
6 3
1 1166 1
6 1
2 1166 1
1 242 1
1 675 4
1 964 0
1 130 2
1 69 0
1 887 0
6 4
1 1447 0
6 3
6 1
6 0
2 675 4
1 1245 5
1 971 5
2 624 1
7
1 236 3
1 720 5
1 626 6
1 1072 2
1 1436 5
1 167 0
5 3
4 6
1 700 6
7
3 6
5 0
2 964 0
4 0
1 340 4
1 1343 1
3 0
2 1343 1
1 432 2
1 130 5
6 4
3 5
1 1459 3
7
1 1192 6
1 1372 0
5 6
1 18 2
1 842 1
4 2
1 264 4
1 1058 2
4 6
2 18 2
1 226 4
1 1002 4
6 1
1 107 0
1 677 2
7
7
2 842 1
1 494 6
7
1 1396 6
1 101 1
2 1396 6
1 196 1
2 264 4
4 4
3 1
1 723 4
6 4
1 115 0
2 210 3
3 4
7
1 956 5
4 0
1 834 1
1 583 5
1 380 5
1 1262 4
2 956 5
7
2 1262 4
2 118 1
2 1470 4
2 1136 1
5 2
1 1256 3
1 1180 1
7
1 625 6
1 976 1
1 266 5
7
3 3
1 744 1
1 595 6
1 834 5
1 591 4
5 6
5 4
3 1
3 6
1 1491 4
1 850 1
1 1306 0
7
4 1
5 0
1 961 3
3 4
1 622 1
7
5 3
4 0
1 949 1
4 1
1 1325 5
4 5
3 5
1 1307 3
4 0
5 4
1 1147 2
7
7
1 493 3
1 38 5
1 1204 5
2 38 5
3 3
1 1406 4
4 4
4 5
1 673 5
2 1204 5
1 1481 4
1 672 1
1 414 1
1 439 4
4 4
5 2
3 2
2 1406 4
1 143 5
1 855 4
1 959 6
6 5
4 6
3 4
1 1078 6
3 5
2 672 1
1 156 0
3 1
3 0
1 1096 2
6 2
1 2 2
3 4
1 1314 0
1 802 6
1 1050 4
7
2 802 6
7
1 1081 4
7
4 0
7
5 4
7
2 1050 4
1 1006 3
4 3
5 0
6 3
1 440 5
1 688 5
1 165 4
7
1 1187 4
3 5
1 205 6
1 376 0
1 168 0
4 5
1 1467 2
7
4 6
1 1487 4
3 2
1 489 2
5 4
5 2
1 1000 1
6 2
3 1
1 1086 3
1 244 1
2 244 1
1 145 2
1 1011 1
7
7
3 2
7
1 828 4
1 71 6
1 773 5
1 650 2
1 1126 1
2 1471 2
7
7
7
1 816 5
7
1 241 4
2 1011 1
1 513 6
1 621 6
1 811 5
1 1303 4
7
1 1346 0
1 921 0
1 168 2
1 180 6
6 1
3 1
5 6
4 0
1 725 2
7
4 4
3 6
1 673 1
3 0
2 673 1
2 789 3
1 145 1
2 145 1
5 2
3 4
1 275 0
4 0
1 1016 6
7
1 829 6
5 6
2 1016 6
7
7
2 829 6
1 579 2
4 2
1 725 0
3 2
2 725 0
1 638 4
3 4
4 0
5 1
5 4
7
4 5
4 4
1 647 3
6 0
7
5 3
3 2
6 3
1 397 5
1 1331 6
1 637 6
1 509 1
7
1 617 3
4 5
1 209 5
1 465 2
3 3
3 5
7
5 1
2 509 1
1 30 5
2 111 1
7
7
1 881 4
6 4
1 322 2
1 494 4
2 30 5
4 4
3 4
7
4 2
4 3
2 242 4
1 224 0
2 442 6
1 843 6
6 0
5 6
4 6
2 843 6
7
1 806 1
1 397 1
1 17 0
7
6 1
7
2 806 1
1 305 4
1 1026 2
2 305 4
1 993 1
7
3 1
6 4
1 1383 5
1 67 0
7
2 67 0
1 1050 4
3 4
6 3
1 863 2
4 2
1 522 0
3 0
1 1494 2
1 61 0
1 1011 0
1 949 1
4 0
1 1355 6
6 1
7
6 3
1 34 3
4 3
1 1213 5
2 1011 0
7
1 424 2
1 205 1
1 434 4
2 268 1
1 97 1
4 2
7
1 1102 0
2 434 4
4 1
7
1 715 1
1 1237 2
1 1418 5
1 894 5
3 1
1 42 4
3 5
1 1136 4
1 275 6
1 1349 5
7
6 6
1 1383 3
1 716 3
1 352 0
6 3
3 4
1 548 1
4 5
1 1 5
1 141 6
5 0
2 352 0
5 6
1 397 6
7
1 717 4
1 673 5
1 560 2
1 896 0
1 360 2
1 1266 1
6 6
5 4
5 5
2 397 6
1 977 5
1 960 2
1 36 2
1 587 2
5 6
1 1120 6
5 5
1 931 6
1 361 1
1 1285 2
1 1129 6
1 797 1
1 565 2
1 692 3
2 565 2
5 6
6 1
5 3
5 4
1 348 0
1 762 2
2 275 6
1 317 2
1 1171 6
6 5
6 1
1 337 3
1 1135 1
1 1048 1
7
3 1
5 3
1 1168 6
1 1164 0
4 2
7
1 200 3
5 5
1 108 4
1 771 3
1 1291 6
3 3
1 670 6
6 0
1 1217 0
1 826 0
1 1195 2
2 1164 0
1 845 0
6 6
1 443 4
1 1225 4
3 6
1 350 0
3 0
1 1468 0
1 1276 5
7
3 2
4 4
7
5 4
1 543 6
1 1433 0
1 750 3
1 336 0
1 1335 1
1 1087 6
7
4 6
2 336 0
1 664 1
1 905 5
7
1 722 4
1 1315 4
1 421 2
5 2
4 3
4 0
4 5
4 6
6 1
1 677 4
7
4 1
1 92 4
7
3 0
1 973 1
1 258 0
2 973 1
2 543 6
7
1 788 5
4 2
1 606 1
3 3
3 0
1 494 1
5 1
1 26 5
2 421 2
1 406 3
1 1485 6
1 619 5
6 3
1 247 0
5 6
4 6
4 0
1 82 0
1 850 4
1 520 0
7
7
1 1104 4
6 5
1 1277 6
5 1
7
1 1289 6
7
5 4
6 3
3 1
2 850 4
2 247 0
7
2 406 3
3 0
6 4
2 157 5
4 3
1 1400 3
1 1095 3
1 1106 3
1 1219 3
5 3
3 3
2 468 6
1 860 6
1 1429 6
4 6
6 6
5 6
1 1326 5
1 1333 4
4 4
1 21 4
5 4
7
1 496 3
3 4
1 283 1
1 878 1
2 878 1
2 496 3
1 570 6
1 1498 6
1 1039 6
2 1498 6
1 684 1
1 816 3
1 1297 6
1 1100 1
6 3
3 6
1 82 4
1 561 4
2 561 4
1 1014 6
2 1014 6
1 410 6
1 1231 3
1 601 6
2 410 6
4 6
1 1420 3
7
5 3
1 845 6
7
3 3
2 1361 1
3 1
3 0
1 1282 5
1 667 5
3 5
7
3 4
1 1463 6
1 755 3
4 5
1 166 1
6 1
1 920 2
7
4 3
1 1229 5
3 2
2 1115 6
1 1376 5
3 5
1 123 5
1 1110 6
1 635 5
6 6
1 251 0
1 74 2
1 1119 4
1 647 1
1 1382 1
1 569 5
1 905 0
3 6
5 4
3 2
1 869 3
7
3 3
1 1195 0
2 1195 0
7
5 2
1 908 0
6 0
1 445 5
5 5
3 5
1 1343 2
5 2
6 2
1 1212 0
7
1 788 2
7
4 2
1 1027 4
2 788 2
1 1237 0
5 4
1 475 5
4 4
2 1237 0
5 0
3 4
1 746 4
3 5
5 4
4 0
1 1035 3
1 1119 4
7
3 0
4 3
1 818 0
3 4
1 1077 5
4 0
3 5
1 334 0
1 489 4
1 953 4
2 489 4
1 1210 4
1 887 3
3 3
2 1031 6
1 1036 3
6 3
5 3
7
2 1036 3
6 1
1 15 2
1 1385 4
3 4
1 1148 1
1 1126 2
1 735 4
3 2
1 1454 5
1 1494 2
1 309 3
4 2
5 5
4 4
4 2
5 3
6 6
1 537 2
1 824 3
3 5
5 2
1 515 3
1 1274 0
1 525 4
6 0
1 388 5
7
1 1433 3
1 273 4
6 4
1 436 0
7
1 947 4
1 1462 0
5 4
2 273 4
6 3
2 525 4
3 2
1 1244 0
1 504 1
3 1
4 4
1 1014 6
1 233 5
3 5
1 40 1
2 40 1
1 1390 2
2 1390 2
5 1
1 1016 4
1 1358 4
1 777 2
1 1085 1
6 1
1 1199 3
5 3
2 1358 4
7
1 914 0
2 914 0
7
3 3
5 4
1 1089 3
6 3
1 1013 0
4 0
1 1161 5
6 0
1 396 0
6 2
2 396 0
5 3
5 0
1 1480 0
6 5
5 3
1 308 3
1 196 4
1 48 4
2 1161 5
1 474 3
1 682 1
2 196 4
2 682 1
1 1229 0
1 189 4
7
5 4
3 4
1 1135 3
6 3
7
1 1346 2
5 2
1 888 1
4 3
1 791 0
1 487 6
1 27 2
1 1431 3
1 585 2
5 0
2 888 1
5 6
5 0
3 6
3 0
1 1492 0
1 1179 0
1 797 2
1 142 5
1 266 1
2 1179 0
1 778 2
7
2 1384 1
4 1
1 147 3
1 1446 2
2 797 2
4 3
1 302 0
5 2
3 3
1 230 6
1 900 3
2 230 6
1 276 4
7
5 3
1 1038 4
1 1223 0
6 0
6 3
2 900 3
1 65 2
7
5 0
7
2 1038 4
2 65 2
7
6 1
2 1379 1
1 1104 2
1 1212 3
3 2
1 1070 1
7
1 52 1
5 3
1 196 0
1 743 1
6 3
1 1089 1
1 1389 4
5 4
1 1343 0
3 1
2 1389 4
1 813 2
3 0
7
2 813 2
3 5
1 1198 3
1 1208 6
1 410 5
5 6
1 843 4
4 4
2 1198 3
1 1217 1
1 609 5
2 1208 6
1 210 5
4 5
1 899 6
3 4
2 899 6
1 1225 4
7
1 348 1
7
1 1227 1
1 338 0
1 1216 5
6 1
5 5
7
2 1217 1
1 1211 0
7
1 410 0
7
4 1
1 488 6
1 652 2
1 1123 2
7
3 5
5 6
1 528 6
7
1 1060 6
6 6
1 236 5
2 236 5
1 424 5
1 788 3
3 3
1 1160 0
7
1 30 3
6 3
1 106 3
3 0
1 60 1
4 3
3 3
5 1
3 1
1 213 3
1 514 4
3 3
6 4
1 1154 3
5 3
1 468 4
6 3
5 4
1 546 4
4 4
1 78 5
4 5
6 5
3 4
1 15 1
2 78 5
1 1408 6
2 1154 3
1 1450 2
3 6
3 1
4 2
1 368 0
1 979 5
1 356 6
2 368 0
1 350 5
4 5
2 350 5
5 6
1 468 6
1 546 4
5 5
4 6
6 1
1 232 1
4 1
1 565 2
3 6
1 883 5
1 434 2
2 434 2
1 142 4
1 956 4
2 883 5
2 232 1
1 297 1
4 2
6 2
7
6 4
3 2
7
1 154 3
5 1
1 530 3
1 967 2
6 3
1 338 3
1 1219 4
2 967 2
3 4
5 0
1 274 6
3 6
1 441 6
1 1436 6
7
1 242 3
1 867 6
2 242 3
1 918 1
4 1
5 1
2 918 1
1 619 6
1 733 4
1 176 1
4 6
5 4
1 709 1
1 638 0
5 6
6 6
1 859 4
6 0
1 962 2
1 143 3
4 0
1 377 2
5 1
6 6
2 619 6
7
1 833 6
7
3 3
1 526 2
6 0
1 1220 2
1 1099 5
1 1427 0
1 1280 0
7
6 5
1 661 5
6 6
1 528 6
6 5
1 20 1
2 661 5
1 690 1
5 6
1 817 5
1 436 0
1 387 0
4 1
1 1333 6
1 166 4
3 1
1 452 2
6 2
1 864 3
1 325 2
2 812 3
1 216 6
1 1356 1
1 1209 2
5 3
5 6
1 1170 6
1 492 4
7
7
4 6
1 207 6
4 3
3 2
4 6
1 765 1
6 0
2 207 6
1 1168 1
4 1
6 6
3 6
1 315 4
1 732 6
3 1
7
2 732 6
1 212 6
1 1490 4
1 649 3
1 648 4
1 77 2
1 84 0
1 754 6
1 1350 5
1 1059 0
2 1490 4
7
7
3 0
1 573 2
7
1 1071 5
5 2
2 1071 5
4 5
1 1303 2
5 5
2 573 2
1 1103 1
6 5
3 1
1 175 3
2 175 3
1 112 4
1 635 6
1 877 0
5 4
7
1 280 2
3 4
1 1353 2
1 995 2
4 2
1 384 6
1 1492 1
1 93 6
1 247 4
1 658 3
7
1 1351 0
6 2
5 6
1 676 0
2 384 6
4 0
2 1353 2
5 1
1 1307 0
1 1248 3
7
1 92 6
2 230 3
7
1 994 1
7
3 2
3 1
3 4
7
1 1039 2
3 2
7
7
6 6
1 211 0
2 211 0
5 4
7
1 1156 3
5 0
1 785 2
1 1215 1
1 496 3
5 2
4 3
7
4 1
1 804 5
4 2
1 714 6
3 6
6 2
2 1215 1
1 4 4
3 4
1 710 1
6 1
3 1
1 152 2
2 152 2
1 44 5
1 1231 5
1 369 3
5 5
1 1357 3
2 1357 3
1 637 0
1 825 5
1 504 5
1 872 0
1 423 0
1 378 5
5 4
7
1 681 3
4 5
1 1190 6
1 78 3
3 3
1 1401 4
6 4
6 6
3 0
3 4
7
5 1
7
1 1171 2
2 1171 2
7
5 3
1 1381 1
1 1439 1
1 799 5
7
4 1
1 1488 1
2 759 0
1 1340 1
3 1
3 5
3 3
2 1289 5
1 159 6
2 159 6
6 5
3 0
7
1 1010 4
5 4
1 1335 3
2 1010 4
1 1293 0
2 1293 0
6 0
5 1
1 866 0
1 818 6
3 6
5 2
8
