1 796 2
1 230 3
1 535 1
1 314 6
1 1470 6
1 67 4
1 1372 0
1 1141 1
1 656 2
1 1402 4
1 487 3
4 3
1 353 5
1 1296 2
1 78 0
1 1076 3
6 4
1 867 3
7
7
1 881 1
5 3
6 2
1 1061 1
1 707 1
1 900 6
4 2
7
1 1470 2
5 1
4 4
7
4 5
1 920 6
2 447 6
1 149 4
2 230 3
7
5 0
3 2
5 4
1 602 0
2 900 6
7
1 176 0
1 350 3
1 1492 0
1 43 2
6 6
4 2
4 5
3 0
1 111 3
3 6
5 5
1 263 2
1 1002 4
1 1112 1
3 4
4 1
2 1112 1
6 3
1 326 2
7
2 326 2
6 6
1 446 5
2 446 5
3 0
1 1314 1
1 155 3
2 1314 1
3 3
2 1379 6
1 498 5
7
1 912 0
2 498 5
7
1 388 6
1 400 4
1 549 2
5 0
4 4
1 872 4
1 1292 1
2 388 6
7
1 1323 0
1 849 0
1 46 6
3 6
1 567 2
4 2
5 1
6 5
4 1
1 1367 1
1 436 2
1 229 3
1 1488 4
1 51 1
1 1060 2
5 4
1 239 0
1 233 0
7
2 549 2
1 2 4
1 1448 5
2 239 0
1 972 4
7
3 0
2 1488 4
2 972 4
1 599 3
2 229 3
5 5
5 4
7
7
7
1 1041 0
1 1160 5
5 3
3 5
2 1041 0
3 1
2 723 6
3 2
2 712 5
1 69 4
1 1261 6
6 3
1 675 6
1 157 4
1 468 2
6 4
1 253 1
1 660 1
4 4
1 408 5
1 534 5
2 534 5
2 468 2
4 6
4 5
4 0
4 1
3 6
1 264 6
6 1
7
1 841 0
3 4
1 1464 6
5 6
1 823 6
1 1091 6
3 0
1 250 3
1 422 0
7
2 422 0
5 3
1 641 2
4 2
7
5 2
3 2
5 4
1 1317 1
4 1
5 1
1 332 1
7
7
1 985 4
1 1388 1
3 4
1 72 2
3 1
1 274 3
7
1 551 4
6 4
6 3
6 2
5 3
7
3 2
2 274 3
7
2 551 4
1 275 3
4 3
1 333 3
1 1045 3
3 3
7
3 1
3 2
3 6
5 5
1 599 1
7
6 1
4 1
7
1 411 3
1 1161 2
3 1
1 547 0
4 3
7
1 1422 4
4 2
1 792 3
1 570 3
1 35 2
5 0
1 852 2
1 1174 5
1 944 5
3 5
1 1259 2
1 852 1
1 255 3
5 1
5 0
1 319 2
4 3
3 0
1 637 0
7
1 1354 2
5 1
1 613 1
1 471 4
1 714 0
1 895 1
1 1243 1
6 3
4 4
1 891 2
5 0
1 1272 0
7
1 1140 6
1 463 4
5 4
1 696 5
6 0
1 651 5
7
2 1243 1
6 5
1 921 4
1 682 4
6 0
4 1
1 943 5
6 4
2 1281 0
3 1
1 459 1
5 1
1 542 2
7
1 712 6
1 1114 1
1 847 0
3 2
1 1489 2
1 670 3
1 723 3
6 6
2 1489 2
6 3
5 6
6 2
1 786 1
1 1152 3
4 3
1 1284 0
7
1 908 3
3 6
1 461 2
1 565 4
3 4
1 241 2
1 1053 4
5 4
7
7
1 1133 1
4 2
5 1
2 241 2
3 1
2 1053 4
5 0
6 1
1 424 4
6 6
7
1 399 1
7
1 411 1
1 859 0
4 4
2 411 1
1 881 2
1 871 1
7
5 2
1 68 5
2 871 1
5 0
2 424 4
2 399 1
3 2
6 3
4 2
6 0
3 5
6 6
1 644 4
2 644 4
5 6
1 206 0
1 768 5
1 782 2
1 842 1
1 491 0
5 5
1 548 4
4 0
7
3 1
1 1236 0
2 1236 0
2 103 6
1 132 2
7
7
4 1
4 2
1 865 2
1 634 1
1 460 6
1 306 6
1 734 0
1 1087 3
1 450 1
1 375 1
7
2 151 6
1 586 6
6 3
5 2
1 1189 6
1 788 2
4 3
1 982 6
1 1092 6
7
1 397 5
2 1189 6
1 338 0
1 128 3
1 1345 4
1 233 4
2 1092 6
3 0
4 5
1 1222 3
4 6
1 933 5
1 1121 3
1 1381 4
7
6 6
1 514 3
5 6
4 4
1 1249 1
2 397 5
1 1141 5
1 842 2
1 817 2
2 1249 1
3 2
7
5 5
2 933 5
7
3 5
7
1 437 4
2 437 4
7
7
1 1351 2
5 2
1 461 0
1 727 2
5 0
3 0
1 408 6
1 932 0
7
1 282 4
6 0
2 408 6
1 54 1
5 4
1 729 6
1 971 6
5 6
4 6
1 1160 2
3 1
7
2 729 6
7
1 770 1
6 6
3 6
3 1
1 877 4
1 1169 4
2 1169 4
6 4
1 1393 2
4 4
4 2
4 4
1 754 3
1 199 4
2 877 4
1 447 2
7
4 2
1 362 2
3 3
6 2
1 330 3
7
5 3
1 1225 0
1 1039 1
1 320 4
1 129 0
6 0
1 966 3
1 507 5
7
7
1 147 6
5 4
5 0
7
1 973 6
5 5
1 132 5
1 1250 3
1 1250 5
4 4
1 198 5
6 1
1 189 4
1 1299 2
3 1
4 5
5 2
1 1450 0
1 1349 2
1 738 6
1 1211 2
1 1466 5
6 6
1 1060 2
1 739 2
7
7
5 0
3 5
2 973 6
7
2 1211 2
1 1186 1
3 1
1 1186 0
4 0
3 0
5 3
7
1 1043 4
3 4
5 5
7
3 5
1 298 2
6 2
2 298 2
6 6
1 1095 2
7
6 2
4 2
1 1185 3
1 882 3
1 933 6
7
7
1 498 4
5 4
3 3
1 583 4
1 1415 3
1 864 2
3 4
1 389 1
5 1
4 1
6 1
1 332 5
7
7
1 688 5
4 5
3 1
7
1 99 0
2 688 5
5 5
6 6
2 332 5
1 14 0
1 1368 0
7
4 0
7
1 1304 1
5 1
1 658 1
4 1
3 0
1 1317 3
5 3
4 3
1 787 3
3 1
1 858 1
6 3
4 1
1 1137 0
4 0
1 1216 4
1 146 5
2 146 5
4 1
6 1
6 0
4 0
2 1137 0
5 6
5 1
2 341 6
1 267 5
3 5
2 1450 2
6 2
1 1141 0
1 825 1
1 1270 2
1 313 1
7
1 914 3
2 914 3
1 786 0
7
1 12 2
1 923 2
1 43 4
5 0
1 742 5
1 24 3
7
2 786 0
1 93 1
7
1 1363 2
1 283 5
5 2
3 1
1 474 4
1 955 3
1 124 0
7
6 3
5 4
1 557 0
6 0
4 5
1 470 0
4 3
1 693 6
1 1486 4
3 4
1 1188 0
2 124 0
6 6
3 5
3 6
2 470 0
7
2 24 3
1 1289 3
4 0
2 955 3
1 264 2
1 230 4
7
7
7
1 273 2
2 1188 0
4 4
7
7
5 3
1 1249 1
2 557 0
2 1249 1
3 2
1 395 5
1 591 1
1 1042 4
1 96 3
6 1
2 1042 4
7
4 3
1 1323 1
4 1
1 1285 3
6 3
5 1
1 976 1
1 1411 4
2 1285 3
3 1
4 4
1 1322 3
1 1215 1
7
6 4
5 3
4 3
1 570 3
2 1322 3
3 4
1 1324 4
1 780 3
1 481 5
3 3
7
6 1
2 1215 1
1 1254 5
3 5
1 220 4
7
3 4
5 5
2 1326 0
5 1
1 490 5
2 490 5
1 641 6
1 33 5
1 1438 1
1 288 2
6 6
1 675 2
1 1367 0
6 1
3 2
2 1367 0
1 67 0
2 67 0
1 981 0
7
1 160 0
3 0
1 1420 6
6 6
2 1420 6
7
1 571 4
1 812 1
1 201 1
7
1 421 5
1 1267 5
1 1249 3
1 180 6
2 180 6
1 599 0
5 0
2 1249 3
7
4 0
2 599 0
2 665 6
1 1403 5
1 944 1
7
1 637 0
7
2 944 1
1 774 0
1 1466 5
1 276 4
6 1
1 637 6
2 774 0
7
1 455 5
5 6
3 6
1 795 6
1 1354 6
1 1129 2
1 1299 1
2 1299 1
4 6
1 426 3
2 1354 6
3 5
5 3
4 3
2 795 6
1 904 1
1 586 4
3 4
3 1
1 467 1
1 375 5
7
7
1 869 4
7
2 375 5
1 1449 1
1 682 0
1 1439 1
5 1
1 131 3
2 682 0
3 3
1 915 1
1 518 0
5 0
6 2
1 166 1
6 1
3 0
6 4
6 0
1 9 3
1 1457 5
3 5
2 570 1
7
5 5
2 1225 2
6 4
7
5 6
1 257 2
3 2
3 6
7
4 4
1 183 2
3 2
2 685 3
1 1000 0
3 0
1 487 4
1 1044 4
1 1142 4
7
2 1044 4
2 487 4
1 73 0
1 433 5
4 0
3 5
7
3 0
5 4
1 803 3
6 3
3 3
7
1 91 2
7
2 91 2
4 2
1 556 6
1 1194 0
1 152 6
5 6
3 6
2 1194 0
7
2 721 4
7
1 1071 4
1 600 1
2 565 0
6 1
1 240 4
4 1
1 1289 3
1 46 4
2 1071 4
7
1 738 2
7
1 802 0
3 0
3 2
3 6
3 5
7
2 616 5
6 4
1 438 5
5 5
7
7
1 17 4
4 5
1 998 3
2 17 4
7
1 798 2
7
1 717 5
3 3
3 5
1 1019 6
1 1214 6
1 880 0
3 0
1 750 3
6 1
1 944 1
1 71 4
2 1214 6
3 3
5 4
3 4
2 944 1
1 1388 3
7
1 326 2
1 1424 5
6 5
5 2
1 1367 3
3 5
1 911 3
2 326 2
4 3
1 645 5
4 5
1 554 1
1 640 4
2 645 5
7
3 4
3 1
1 623 2
4 2
1 531 6
2 531 6
1 1058 2
6 2
7
1 916 1
2 916 1
1 913 2
1 355 2
3 2
4 4
3 1
4 6
4 0
7
1 1230 4
5 4
3 4
5 5
7
1 531 6
1 462 1
7
3 6
1 241 6
2 462 1
1 1320 4
1 970 5
1 1465 2
1 214 1
1 286 2
1 608 0
2 970 5
1 697 0
5 0
2 1465 2
6 0
1 406 4
6 4
1 102 2
1 1151 2
4 5
3 2
3 1
4 0
7
7
7
1 570 3
4 3
1 444 0
6 0
2 444 0
7
6 3
6 4
7
2 697 0
7
1 1139 2
6 2
3 0
1 8 4
2 1139 2
3 4
5 6
1 1079 0
7
1 1052 4
1 1485 3
5 1
2 1052 4
7
2 1485 3
3 0
6 3
1 612 0
7
4 0
1 541 5
5 0
1 984 5
6 0
1 268 1
1 393 0
4 5
7
1 852 1
1 611 2
7
2 612 0
4 2
7
1 1298 4
1 154 3
3 4
5 3
4 3
1 982 3
1 1369 2
1 1138 5
1 1141 2
3 3
7
3 5
1 997 6
1 1404 5
2 1404 5
1 1278 0
1 31 2
1 1017 4
1 55 2
5 2
3 0
5 4
1 713 5
1 607 4
7
6 2
4 2
1 255 3
1 508 0
1 915 5
7
3 5
1 853 1
1 69 3
7
1 1287 5
7
1 311 1
4 0
4 5
1 1168 3
1 951 4
1 857 6
1 1135 1
4 0
1 1286 0
1 1165 0
7
1 275 4
1 1085 4
7
3 4
5 1
7
3 1
5 6
1 1347 1
1 1049 5
7
7
1 196 1
1 322 6
3 6
1 941 4
1 456 6
1 99 1
7
1 683 6
1 116 3
4 3
1 137 4
3 1
6 6
7
2 683 6
1 1413 5
4 5
3 6
3 3
6 5
3 5
1 805 0
7
1 806 1
1 192 2
1 479 4
3 4
2 1156 4
6 4
1 1239 1
4 1
1 431 5
1 1260 5
5 5
7
1 898 1
7
1 1268 3
4 5
6 5
3 1
5 3
3 3
4 2
5 1
6 3
1 255 0
1 156 6
2 156 6
1 1084 0
2 1084 0
6 1
2 753 0
5 3
1 1395 6
6 4
1 196 1
1 173 5
2 1395 6
1 357 2
3 2
6 6
1 1242 5
2 1242 5
5 4
3 6
7
1 1290 4
2 1290 4
1 1448 4
1 971 5
5 5
4 5
4 4
1 299 4
1 1146 6
1 1292 1
1 247 2
1 774 6
1 134 6
5 4
1 300 2
4 6
2 300 2
1 520 2
5 1
5 5
5 2
3 4
1 186 0
1 726 4
1 605 5
1 380 5
1 765 6
6 5
1 929 2
1 136 1
1 159 3
1 490 4
5 5
1 1018 5
6 1
3 3
1 804 0
1 548 6
5 0
3 0
7
1 474 0
1 1185 5
5 5
2 474 0
1 764 3
7
1 71 3
1 350 6
1 688 0
1 1221 5
2 350 6
4 0
2 764 3
1 1321 1
7
1 168 2
1 1483 4
1 526 3
6 0
1 27 0
6 2
5 4
1 1186 1
1 310 0
1 881 2
2 71 3
5 2
1 988 1
2 526 3
1 738 6
2 1321 1
4 6
2 168 2
2 1186 1
2 881 2
1 109 5
2 109 5
1 285 1
6 1
1 191 5
7
1 957 1
5 1
1 204 5
1 485 3
7
1 389 5
1 914 5
4 1
1 405 1
7
1 1456 5
5 3
1 0 2
6 3
6 2
1 1181 2
2 1181 2
1 818 1
1 1246 1
1 819 0
3 1
4 3
1 1026 3
3 0
1 1332 5
5 5
1 1328 2
6 5
3 3
1 1311 2
1 110 6
1 885 5
7
5 3
5 5
1 482 5
1 675 2
4 6
1 1242 5
1 568 6
3 5
3 6
1 1099 1
1 1 4
7
1 1288 2
1 593 2
1 1409 1
4 2
1 1420 6
7
1 320 2
3 2
7
1 227 6
1 906 5
1 1287 6
1 1072 3
2 1420 6
1 1397 2
3 6
3 2
6 3
3 5
7
4 3
2 1140 1
6 0
4 6
7
7
3 2
3 0
3 3
2 1432 5
5 0
1 913 0
1 897 4
1 1090 4
3 4
1 967 6
3 6
1 927 0
1 1243 0
3 0
2 1366 6
1 1174 1
4 1
1 1410 4
1 1162 1
6 3
1 835 5
4 4
1 74 5
1 364 3
3 5
7
4 3
6 0
1 1103 1
1 583 4
7
6 3
4 1
3 4
3 1
1 1175 3
2 1175 3
1 639 6
3 6
5 2
3 2
5 5
1 1134 3
4 3
2 1134 3
1 1139 3
1 1427 4
7
1 1482 6
1 521 6
1 861 3
2 1482 6
7
2 1139 3
1 644 5
1 575 4
6 5
7
1 1215 2
1 1390 3
3 3
1 269 5
1 1038 1
1 681 0
1 236 4
7
7
2 681 0
7
7
6 6
2 644 5
3 6
1 411 0
6 0
1 1290 1
7
1 1117 2
1 1374 6
1 249 5
1 93 1
6 1
1 1422 2
3 5
7
6 6
1 133 4
2 1117 2
2 1374 6
7
1 538 2
3 0
5 4
1 1167 6
4 4
5 6
6 4
2 538 2
4 1
4 2
5 2
1 1281 4
4 1
1 435 1
3 4
6 6
3 6
5 5
7
6 3
7
3 3
4 6
4 4
7
1 21 4
3 4
1 211 1
3 1
3 2
5 6
7
1 1458 1
3 1
5 5
3 0
7
1 862 5
1 637 0
2 1249 0
1 1426 5
1 1372 5
1 1497 5
1 1061 4
1 246 2
1 634 4
4 2
6 2
2 1061 4
1 5 4
1 960 4
6 4
1 79 0
2 634 4
1 694 5
1 1350 6
1 1154 6
1 587 3
1 764 1
1 947 3
1 352 5
1 1112 4
4 4
2 79 0
6 0
1 972 1
1 669 2
1 1394 4
5 0
1 472 3
7
4 5
7
1 998 2
3 3
1 709 3
7
3 6
5 3
3 3
2 1142 1
7
6 6
1 460 0
1 940 6
3 0
7
1 175 1
1 82 6
3 6
1 302 2
3 1
2 302 2
7
5 5
1 696 5
2 696 5
2 582 0
1 1208 1
1 749 0
1 1002 3
7
1 270 0
3 0
3 3
3 5
5 3
6 5
6 6
1 1403 5
1 732 1
1 1204 0
3 0
3 6
7
3 3
3 5
3 4
1 796 0
2 796 0
4 1
3 1
5 1
1 988 0
4 0
5 0
3 0
2 1460 0
7
6 2
1 48 4
6 4
1 444 3
1 217 2
7
5 3
5 2
1 521 2
4 2
1 146 5
1 708 0
4 0
1 1463 3
4 5
5 0
1 347 6
1 759 4
1 45 2
1 1130 0
1 278 6
1 471 3
1 1255 0
7
1 391 1
1 329 4
1 26 4
7
7
6 3
3 3
5 2
1 664 1
5 1
4 6
4 1
7
6 1
3 5
1 1136 4
1 840 5
7
6 6
4 2
1 651 3
4 5
1 1183 1
1 1048 0
1 295 4
4 3
1 661 2
6 0
5 0
1 916 6
5 4
3 3
2 1255 0
5 0
4 1
1 994 1
1 6 0
1 1489 0
2 994 1
6 1
1 1057 6
5 1
7
2 664 1
6 5
6 1
1 755 0
2 840 5
7
1 879 4
2 1130 0
3 0
7
1 952 6
3 1
1 171 5
1 179 6
3 4
2 171 5
3 0
1 786 4
1 1232 6
1 1090 0
6 2
4 4
1 59 3
1 277 4
1 1266 3
3 6
6 0
1 218 3
5 3
7
1 1242 5
1 626 4
1 563 6
1 43 4
2 626 4
1 583 5
1 1030 6
1 613 3
3 3
6 6
1 584 4
1 763 3
7
7
4 6
7
5 4
1 1272 6
3 4
1 421 3
1 936 5
1 1123 5
1 634 1
1 618 5
7
1 900 1
4 3
2 1272 6
4 6
5 6
6 1
1 668 1
1 814 3
2 563 6
7
2 936 5
1 1379 5
3 1
1 1478 6
1 271 0
7
6 0
1 1442 3
6 3
2 1478 6
7
6 0
2 1442 3
1 664 0
1 521 1
6 2
1 1359 5
1 263 3
6 1
7
1 133 6
4 5
1 605 0
5 3
1 1281 2
6 2
7
1 756 5
5 0
5 2
4 2
7
1 1367 4
5 0
1 1211 4
1 760 1
1 1126 0
4 6
1 561 4
5 5
1 1277 0
1 1209 6
3 0
1 1259 2
7
6 1
1 372 3
1 425 5
5 4
1 437 1
3 1
1 721 2
1 723 0
6 5
1 1176 1
6 0
1 365 0
1 782 1
4 3
1 55 4
1 1285 6
1 249 0
1 482 2
4 1
4 6
1 559 0
5 6
4 3
1 656 2
3 0
1 319 6
1 725 5
4 6
3 4
2 725 5
2 782 1
5 1
1 1160 0
2 1176 1
1 1468 3
7
1 784 4
1 143 1
4 1
1 799 3
1 1068 6
3 6
1 1023 5
3 1
2 1023 5
5 2
2 686 5
1 128 5
3 5
5 5
2 1171 1
1 694 0
1 21 2
3 2
3 6
4 2
7
4 3
1 495 5
1 1210 4
3 4
5 6
1 1136 5
4 5
7
5 5
7
2 1136 5
1 1447 5
6 5
7
1 1199 5
1 313 4
1 677 5
1 992 3
4 3
2 1199 5
4 5
3 3
7
1 143 2
4 2
5 2
7
1 518 5
5 5
1 677 4
4 4
1 1407 1
6 1
3 2
7
1 1057 1
1 920 3
2 1057 1
1 327 1
4 3
2 920 3
4 5
2 518 5
1 844 6
3 6
1 560 2
1 627 4
1 874 0
3 2
1 1377 6
4 0
1 65 5
3 5
1 378 1
5 1
3 1
7
1 862 0
1 1015 0
1 821 5
4 5
2 862 0
1 105 6
5 6
5 5
4 0
1 1334 4
5 4
7
5 6
1 513 2
7
7
1 49 5
3 4
2 105 6
2 513 2
4 5
1 331 5
3 5
3 1
1 1279 2
1 455 2
1 1487 5
1 790 4
1 121 2
1 1493 2
1 1470 0
2 1279 2
1 1359 5
4 0
1 899 2
3 0
3 5
3 4
2 821 5
2 1024 4
7
5 1
5 6
1 87 4
1 206 1
4 4
7
1 650 0
1 272 5
4 0
5 0
3 1
5 5
7
1 1267 6
1 628 3
6 5
4 6
2 1267 6
6 2
1 738 2
3 0
2 738 2
1 825 3
7
1 874 6
2 825 3
6 4
5 6
1 1122 4
2 874 6
1 325 5
1 741 3
1 1158 1
7
1 514 3
1 1346 5
7
4 1
5 1
1 10 4
6 1
2 10 4
1 606 1
3 4
2 741 3
3 1
3 5
6 3
2 943 2
3 0
2 1479 5
5 5
6 1
5 1
7
3 1
3 6
1 1390 5
3 5
2 1139 6
1 327 3
1 235 4
7
1 1435 5
1 1157 2
5 3
1 462 3
7
7
3 4
4 2
6 6
2 1435 5
1 923 3
3 2
2 923 3
3 0
2 1160 1
4 5
4 2
1 758 3
1 423 1
2 423 1
3 6
6 1
1 870 6
5 6
1 545 1
2 545 1
1 478 3
1 1139 5
5 5
3 5
4 4
1 1260 2
1 1257 1
3 2
3 1
1 1084 5
1 486 1
2 486 1
7
5 2
1 1474 1
5 1
1 144 5
1 645 0
1 878 1
7
1 1118 0
5 5
1 462 4
7
3 0
3 4
1 384 6
1 64 0
3 6
2 64 0
6 0
1 32 1
7
7
1 1158 3
4 3
1 118 4
6 1
7
1 1442 3
1 1286 1
7
1 419 4
6 3
1 714 3
1 1414 0
7
3 3
5 4
1 3 5
5 0
6 4
3 5
1 905 0
7
4 0
3 0
1 571 6
7
2 571 6
7
1 1251 4
4 4
1 1499 5
1 248 3
6 3
1 1169 6
1 526 2
1 414 2
3 5
7
3 2
2 1475 5
6 2
4 6
1 879 4
7
6 4
3 4
1 190 5
3 5
1 708 0
1 810 6
6 2
6 6
1 338 2
2 338 2
1 618 3
2 618 3
7
1 1339 3
1 1107 3
2 1339 3
1 79 2
3 2
2 985 5
1 1483 2
4 2
7
1 156 2
1 98 0
4 0
7
8
