1 796 2
1 230 3
1 535 1
1 314 6
1 1470 6
1 67 4
1 1372 0
1 1141 1
1 656 2
1 1402 4
1 916 4
6 1
7
1 1047 1
3 1
1 708 5
6 6
3 4
1 1055 3
2 1372 0
1 389 5
7
1 1223 6
3 3
4 5
3 6
1 782 6
1 223 6
4 6
6 0
1 285 3
5 6
7
7
1 177 3
6 6
7
1 235 0
7
5 3
6 5
1 373 0
1 1357 3
1 591 4
2 591 4
6 0
5 0
1 1144 2
1 984 2
1 944 6
2 373 0
4 0
5 2
1 925 3
1 525 2
5 3
6 6
1 363 4
2 984 2
2 925 3
3 4
1 201 1
6 5
3 1
5 5
6 3
1 1309 2
2 1309 2
1 982 5
7
1 1069 3
3 5
1 467 3
5 3
1 232 4
1 1048 5
3 4
4 5
2 1048 5
1 5 2
4 2
5 2
1 623 3
1 538 0
1 897 5
1 1198 6
6 5
4 3
4 6
4 3
7
1 220 6
1 1015 2
2 538 0
6 6
1 1059 4
4 6
1 745 1
3 6
1 469 1
1 763 5
6 5
1 3 6
7
1 1204 4
5 1
5 5
3 4
1 1245 2
1 929 1
1 421 1
4 1
5 1
1 1360 3
6 2
2 3 6
3 1
4 3
7
2 1360 3
7
1 261 5
3 5
1 1087 4
1 42 1
2 42 1
1 1058 0
1 1317 5
1 1453 2
4 5
1 723 6
2 1453 2
4 6
1 994 1
6 1
6 6
4 1
1 638 2
1 483 4
1 1104 5
2 723 6
1 103 5
7
1 222 6
3 6
1 1426 2
5 2
1 602 2
1 14 3
1 1320 1
2 14 3
2 1320 1
1 81 5
6 5
6 0
6 5
1 1208 1
3 1
3 4
1 668 6
2 1273 0
1 794 0
1 609 6
3 6
2 794 0
6 3
1 628 5
1 1340 6
1 879 6
6 6
1 823 3
1 430 0
6 0
4 5
5 5
2 430 0
2 879 6
1 921 0
2 1340 6
1 107 2
1 120 4
1 608 2
5 2
2 921 0
4 4
3 4
4 1
3 1
1 496 2
2 496 2
2 707 5
1 1049 6
5 6
6 1
2 1049 6
1 283 4
3 4
6 0
4 3
6 2
1 284 6
4 6
6 6
1 171 2
7
6 2
1 1490 6
1 309 4
1 1260 4
7
1 1285 2
4 2
2 309 4
7
1 178 3
6 4
4 6
5 4
4 4
4 6
7
1 1187 5
1 1240 2
1 68 6
1 1422 2
3 2
2 1260 4
3 5
5 3
1 653 1
1 31 6
1 661 6
2 31 6
3 3
1 35 0
7
3 0
1 653 3
1 409 5
1 1131 1
1 652 5
7
6 3
5 5
6 5
1 1434 0
7
1 1360 1
1 402 3
5 0
1 953 2
7
5 1
4 3
1 103 2
1 1367 1
5 5
6 0
6 3
3 5
5 2
1 1391 6
7
1 301 3
3 1
3 6
1 634 2
1 847 2
5 3
2 634 2
5 2
1 884 6
2 1434 0
1 1300 5
7
1 957 1
7
4 6
1 532 4
1 950 5
5 1
1 199 0
3 2
6 5
1 1260 1
1 392 0
6 3
5 4
6 4
3 4
5 0
1 1398 3
4 1
5 1
1 1224 3
1 1238 4
3 1
1 771 1
2 1238 4
1 509 0
1 1267 1
1 216 0
1 980 1
1 15 3
5 0
1 1424 4
2 1267 1
3 3
7
1 1395 1
1 939 5
3 6
4 4
1 43 5
5 1
1 1498 6
1 715 2
6 6
1 451 6
6 5
6 4
7
6 5
3 2
2 392 0
1 9 1
2 1498 6
2 451 6
1 417 6
1 423 3
6 6
1 236 0
1 341 6
2 423 3
5 0
2 236 0
1 201 0
3 0
1 915 4
1 1182 4
7
5 4
1 340 1
4 1
6 4
1 1073 2
2 1073 2
2 255 0
3 1
1 1147 3
1 719 1
4 3
1 1222 4
6 1
1 695 5
1 471 3
1 439 5
3 3
1 796 5
6 4
1 771 5
1 658 0
1 1341 6
5 1
7
1 1064 5
4 4
7
1 44 4
1 125 5
1 686 6
1 975 0
6 5
3 5
1 486 4
3 1
1 1134 5
5 4
1 196 2
1 689 2
4 2
1 723 3
7
1 227 2
1 828 6
1 103 3
4 3
3 6
5 2
4 0
1 1030 1
6 6
1 1471 2
4 1
4 3
1 1083 4
1 932 3
4 1
2 1030 1
1 782 1
1 527 1
1 398 4
1 90 1
7
1 433 3
1 333 3
7
1 1434 2
1 1232 4
7
7
1 584 6
1 10 0
5 4
7
2 398 4
1 1427 2
2 1434 2
6 3
1 1250 6
1 435 1
7
1 38 1
1 466 3
1 846 6
1 797 4
3 0
4 2
1 307 2
1 39 3
7
7
2 846 6
1 413 3
1 495 5
4 5
1 257 0
1 116 1
1 1342 4
7
5 6
2 1342 4
1 746 6
1 550 3
1 1037 4
7
1 423 1
3 3
1 1132 6
1 1026 5
2 116 1
6 6
5 3
1 936 4
5 5
1 279 4
4 0
6 0
1 100 3
7
5 3
2 100 3
1 900 1
1 191 2
5 6
7
2 584 6
1 1174 6
2 1174 6
5 2
1 140 5
1 1033 3
1 938 4
2 1033 3
1 1392 1
6 6
7
3 1
1 1299 1
4 1
1 1345 3
1 160 2
7
3 2
1 1392 6
7
4 0
1 358 4
4 4
1 375 5
3 4
7
1 774 4
1 856 5
7
1 1319 1
1 230 0
2 774 4
1 649 3
1 1349 3
3 0
2 649 3
1 1144 2
3 2
4 5
6 0
2 1198 6
1 1066 5
2 1066 5
1 264 3
2 264 3
5 1
4 3
5 3
5 4
5 6
7
4 5
2 1376 4
5 2
1 1259 4
6 4
1 1315 1
1 102 4
1 578 5
5 1
1 1039 3
3 1
5 3
1 1453 2
1 995 6
1 1173 0
4 0
1 1358 5
1 371 3
1 1444 0
3 5
7
1 27 6
3 6
3 0
6 0
1 789 2
1 306 4
2 789 2
3 4
1 1347 0
1 1373 4
2 1347 0
1 1252 3
3 3
5 5
1 765 0
5 0
3 6
5 1
7
1 802 1
1 1168 4
2 765 0
3 1
1 1377 1
7
6 5
4 1
1 532 6
1 568 3
7
6 6
4 4
5 6
6 3
2 532 6
4 1
1 1224 5
1 827 1
1 277 3
5 5
3 5
4 5
6 5
6 6
7
3 3
4 2
5 6
1 371 0
1 879 2
3 0
7
2 221 2
1 385 5
1 1140 4
1 69 3
7
7
1 760 3
5 3
1 195 6
6 4
1 1152 4
2 1074 0
1 607 4
7
1 1053 5
4 3
1 1089 3
1 191 6
4 5
1 768 4
7
5 5
5 2
1 11 6
7
5 5
5 3
1 899 4
1 478 2
5 2
6 3
6 6
1 1093 2
2 607 4
1 1245 2
2 195 6
7
1 1498 5
1 1131 1
1 1302 0
1 352 1
1 1428 0
2 385 5
1 494 5
3 3
2 191 6
5 4
1 1446 3
1 449 4
4 4
1 829 4
1 330 0
6 1
5 3
1 1213 4
7
7
1 1315 5
1 718 0
1 303 4
7
1 99 1
1 934 4
2 1315 5
6 0
1 1296 0
3 0
1 54 2
2 1282 0
5 2
7
1 1285 0
5 0
5 2
1 1139 2
1 531 4
2 54 2
2 1139 2
1 0 1
1 329 4
7
1 342 4
1 711 6
1 730 0
7
1 1242 0
2 531 4
4 0
1 266 0
1 74 6
2 1242 0
2 329 4
7
3 6
1 1041 0
1 86 2
1 732 5
1 1175 6
1 966 6
4 2
1 737 1
2 86 2
7
5 6
1 166 5
1 437 5
1 1404 1
1 762 6
6 5
6 4
2 966 6
3 5
5 1
4 6
1 34 4
7
1 312 0
4 4
2 1175 6
1 908 0
6 1
1 1262 1
1 321 3
5 3
7
1 1443 1
3 4
2 908 0
1 1494 5
1 183 5
1 64 1
1 519 1
1 790 1
1 1272 5
1 892 5
4 0
1 279 6
3 1
4 6
6 5
3 5
1 38 2
1 245 6
1 663 2
7
7
6 6
5 2
1 68 6
1 874 1
3 2
1 1370 5
1 740 3
1 1421 0
1 1369 2
4 2
1 121 0
1 1392 5
5 1
3 3
7
3 2
1 989 6
3 0
4 6
3 6
2 700 2
1 1067 0
1 508 2
2 508 2
6 3
1 671 3
4 3
1 525 2
6 2
7
1 249 5
1 990 0
5 2
4 5
1 1220 5
1 717 3
5 0
1 225 6
7
1 1356 3
3 0
2 249 5
5 5
4 6
1 792 2
1 309 6
1 739 4
3 2
5 6
3 6
2 739 4
1 617 0
1 566 3
1 74 0
1 712 6
7
1 799 2
7
2 74 0
1 1352 1
1 6 4
4 3
1 786 0
3 1
3 4
2 103 5
4 0
1 336 0
1 1433 6
5 0
3 0
5 6
7
1 1249 5
7
6 6
6 4
1 795 5
4 6
1 1151 5
1 386 4
1 1199 1
1 564 0
2 564 0
4 1
1 199 4
3 4
1 439 1
1 1448 3
1 330 5
1 918 1
1 848 0
1 901 0
6 5
5 5
2 848 0
1 1027 6
5 3
7
1 634 5
5 5
1 326 0
1 121 6
2 634 5
1 1082 6
1 195 0
1 469 3
1 1149 1
4 0
1 440 6
5 0
2 195 0
1 1279 3
4 6
1 527 6
7
4 1
5 6
7
1 101 1
7
1 877 6
7
2 918 1
2 901 0
6 6
1 826 5
1 1409 0
1 693 6
4 2
1 672 4
6 4
4 3
4 1
1 303 4
3 1
1 91 3
1 488 2
1 1058 2
6 6
5 0
3 5
5 4
1 461 0
5 6
2 121 6
7
1 82 0
1 981 0
1 907 5
1 942 1
1 505 5
1 1164 0
1 1259 3
4 4
6 1
1 156 4
6 3
4 2
1 355 5
1 286 6
1 1293 4
2 461 0
6 4
3 3
1 1090 5
3 1
2 877 6
1 695 1
1 227 0
3 6
4 0
4 1
1 3 2
2 3 2
6 0
3 0
1 82 3
2 82 3
1 1460 6
4 6
7
1 604 3
1 1279 1
7
3 6
6 3
1 464 5
7
7
2 604 3
3 5
1 206 3
3 1
1 1065 1
5 3
1 1411 5
1 692 6
1 1264 5
2 1264 5
1 173 5
1 753 0
1 360 6
6 5
1 1465 3
5 6
2 360 6
1 171 4
2 753 0
1 585 0
7
1 943 4
6 0
1 1389 3
1 286 4
2 1001 1
7
3 4
4 0
7
2 1389 3
3 2
1 932 5
4 5
1 926 4
5 5
3 4
1 1223 2
1 570 0
2 570 0
2 498 5
1 165 0
1 1489 0
5 0
3 0
6 4
7
7
7
1 11 0
7
1 98 6
3 6
1 249 6
1 689 1
4 6
7
7
1 800 6
7
2 249 6
6 6
7
1 681 1
4 1
7
4 6
3 1
1 567 2
1 8 1
1 169 6
4 1
7
1 731 1
1 294 0
2 731 1
2 8 1
1 174 1
1 1112 3
7
1 636 6
1 781 3
1 215 1
1 626 3
2 636 6
7
1 399 2
1 780 6
1 724 2
6 2
1 1153 6
2 215 1
6 0
3 2
5 3
1 501 1
6 6
3 1
1 1078 6
1 858 2
4 6
1 1038 0
1 192 4
2 1038 0
4 4
2 192 4
5 5
2 1410 3
5 0
6 4
4 6
1 517 3
5 3
2 517 3
1 1064 0
4 0
1 966 1
7
7
1 484 6
3 6
6 6
2 197 5
1 211 3
4 3
6 3
1 220 2
3 2
1 1108 0
1 1248 1
1 75 0
2 75 0
5 1
1 1137 4
1 1302 4
3 4
7
1 145 5
1 845 1
1 1344 2
3 1
1 537 5
6 5
1 682 4
5 5
5 2
1 50 2
1 529 4
4 4
1 1438 5
2 529 4
1 664 6
7
1 1202 3
1 1345 5
6 3
5 4
3 5
6 4
1 313 3
1 1287 4
2 1202 3
1 257 4
2 313 3
7
6 3
1 18 3
1 853 1
1 134 3
1 1499 3
1 338 2
1 981 6
1 734 2
5 3
6 6
5 1
2 18 3
6 0
1 1219 3
3 6
3 2
4 1
1 85 3
1 891 6
1 322 6
5 6
1 947 6
4 3
1 1472 1
1 874 2
1 1369 0
4 0
6 1
1 512 3
3 0
5 3
1 561 2
3 6
4 2
1 447 1
1 155 0
1 13 3
1 597 4
3 0
1 274 1
2 13 3
1 223 0
7
6 5
1 270 5
1 199 5
1 1261 1
3 4
4 0
5 5
3 0
1 850 0
1 0 6
1 397 6
4 3
4 6
1 1193 6
1 468 5
4 5
3 6
1 542 0
3 0
4 0
5 3
2 245 4
6 3
1 801 5
6 5
1 1302 0
2 801 5
6 0
1 1433 5
2 1124 3
1 252 3
1 1441 2
1 523 6
4 5
3 3
7
1 1390 5
5 2
3 2
1 781 1
2 1008 1
7
1 742 4
1 1195 6
6 3
1 741 2
3 1
1 1194 0
5 4
1 1468 6
1 14 6
1 296 3
1 1085 3
5 2
1 410 3
1 210 4
4 2
4 4
1 54 1
3 3
1 1047 0
1 828 3
2 1029 5
1 559 6
6 6
2 1047 0
5 1
1 1429 3
1 128 4
4 6
2 54 1
3 4
4 5
2 336 2
6 3
7
1 1117 1
1 973 5
3 5
6 1
4 2
1 405 0
1 546 0
1 378 0
6 3
4 0
5 0
1 568 0
1 496 3
1 190 1
1 5 3
2 546 0
1 549 2
3 3
1 712 4
1 517 3
1 1299 5
1 1421 3
1 1031 3
3 4
1 58 4
2 517 3
5 3
2 1299 5
1 789 4
4 4
1 454 4
3 3
7
1 479 6
7
6 4
2 58 4
2 454 4
2 479 6
2 628 6
2 1251 4
1 1484 4
2 379 2
5 4
6 1
7
6 4
7
1 596 2
6 2
5 2
1 303 5
3 2
1 991 4
1 102 2
1 1277 2
2 303 5
2 102 2
1 803 4
1 100 1
5 4
1 1290 6
1 155 0
1 1319 2
7
1 1129 5
6 5
2 26 3
1 239 6
5 0
7
1 809 6
5 6
7
7
4 6
1 1184 0
3 5
4 2
3 1
7
1 366 3
6 3
5 0
2 155 0
3 3
1 154 5
3 5
1 958 4
1 87 4
1 1201 3
1 221 6
7
3 6
1 592 5
4 5
1 34 1
1 1376 0
5 5
1 1197 1
5 1
1 1489 4
1 1384 2
5 2
2 1384 2
7
1 1043 2
1 157 0
1 1384 4
2 1043 2
5 5
1 461 6
1 438 1
7
1 1074 0
1 862 4
2 862 4
6 0
7
1 563 2
6 6
1 637 2
7
1 1338 5
3 0
2 563 2
7
1 279 3
1 802 5
1 473 3
7
1 1413 4
1 1430 3
7
4 2
1 503 6
2 802 5
1 1353 5
1 1015 6
1 1121 6
1 721 5
7
4 4
3 5
3 6
2 1430 3
6 3
1 564 4
5 3
2 473 3
1 618 5
1 474 5
4 5
2 1413 4
1 1474 0
1 807 5
1 1192 3
2 279 3
1 558 0
1 612 4
1 181 2
5 2
1 92 6
1 1217 2
1 124 6
6 0
6 1
3 4
1 255 2
1 1352 1
1 545 0
7
6 0
1 43 2
1 453 1
2 618 5
1 492 0
5 6
3 2
2 1352 1
1 384 4
5 1
6 6
1 405 3
2 384 4
6 4
4 3
1 683 4
6 3
5 3
1 1430 0
1 1009 0
2 272 0
1 1003 3
2 1009 0
7
1 863 3
1 973 2
1 982 3
7
5 0
2 973 2
4 4
1 1029 5
1 12 0
4 0
7
1 1088 2
1 1290 4
1 131 5
5 4
1 489 4
1 887 0
6 4
6 2
2 131 5
1 1214 2
1 1347 5
4 2
1 1469 6
6 5
7
1 593 1
5 6
7
6 3
7
2 1214 2
1 200 3
1 851 5
1 245 2
7
4 0
1 372 1
5 5
4 1
1 291 6
1 888 3
5 3
5 2
1 1225 6
1 1107 0
6 0
3 1
2 200 3
4 3
6 6
1 33 6
1 1004 0
6 3
7
1 329 4
1 976 0
1 1356 1
1 335 2
1 1224 3
1 678 4
1 1174 0
7
1 1149 6
1 799 2
4 6
1 902 5
1 106 4
1 934 3
7
3 4
1 698 6
1 918 5
7
3 6
2 1004 0
4 0
1 1459 0
6 2
1 1109 2
3 1
1 183 5
2 183 5
7
4 5
1 432 0
3 4
3 5
7
1 1184 2
6 0
2 432 0
1 366 3
2 1184 2
7
1 433 2
1 311 5
1 316 0
1 197 1
1 1074 0
4 0
1 1272 6
6 6
7
2 197 1
1 230 3
1 796 0
1 755 5
5 6
7
1 1034 3
1 1078 5
1 646 5
1 436 4
6 0
1 1286 1
1 9 6
1 606 6
7
2 311 5
4 4
6 5
4 3
4 5
7
1 876 5
1 1073 0
5 1
2 1272 6
4 6
6 0
1 388 2
3 2
5 4
3 4
1 496 4
4 4
6 5
1 755 0
1 783 2
1 51 6
7
1 1029 4
1 146 6
1 1150 4
1 681 0
7
1 521 6
1 1149 6
1 598 6
7
7
6 2
5 2
1 1461 5
1 891 5
1 870 1
5 5
3 6
1 952 3
2 952 3
7
3 1
1 323 3
6 3
1 87 5
1 157 5
4 3
5 3
4 5
1 559 2
1 220 5
3 3
1 1134 6
6 5
1 1472 3
6 2
4 6
7
2 87 5
7
1 373 4
3 6
1 440 6
7
7
1 13 4
4 2
6 3
2 373 4
1 712 2
5 4
1 629 5
3 5
1 1231 0
3 0
1 1322 4
7
1 351 1
1 239 2
1 1449 3
1 895 2
1 1369 5
1 700 6
5 1
1 531 4
4 3
4 6
1 390 0
5 3
1 13 6
4 4
1 1169 4
6 1
2 13 6
1 1009 5
1 1129 3
1 25 1
1 256 0
7
1 475 2
1 1267 0
4 2
5 6
1 1095 5
6 5
3 2
5 0
1 1456 4
4 0
4 5
1 848 0
1 313 1
1 1451 5
3 4
4 1
1 83 3
2 313 1
7
3 3
1 326 2
3 2
3 6
1 116 5
7
2 116 5
6 0
4 2
1 979 5
3 5
2 947 4
2 1425 6
3 0
1 446 1
5 1
2 446 1
1 1377 1
1 1192 6
2 1377 1
6 3
4 6
6 6
3 6
2 865 1
1 113 2
1 506 6
3 2
5 6
5 2
1 697 6
7
1 580 4
1 546 2
1 403 2
1 94 0
5 0
1 387 6
5 6
1 870 1
7
7
1 516 4
4 0
2 516 4
1 1079 6
1 884 3
7
1 386 4
6 1
5 2
4 3
1 481 1
3 6
1 858 4
3 4
1 615 4
7
7
1 333 0
1 851 3
7
2 615 4
4 1
1 274 3
5 0
1 615 4
1 374 3
1 961 1
2 94 0
3 1
4 4
6 3
7
5 4
1 217 5
1 1280 6
5 3
1 905 5
7
2 374 3
1 1288 4
2 274 3
2 1288 4
4 5
4 6
1 1310 0
5 5
6 6
1 961 2
7
1 960 1
4 0
1 200 5
4 4
6 0
1 521 6
1 1440 5
1 1469 5
3 2
1 1028 2
1 1285 5
2 217 5
2 905 5
4 1
2 1440 5
1 1373 2
2 1285 5
4 5
6 2
1 807 4
7
1 494 5
7
5 2
1 782 0
1 703 6
6 1
1 552 6
1 1029 5
1 782 1
2 494 5
1 433 2
3 0
1 1403 2
4 6
1 178 6
1 493 6
7
1 921 0
3 4
3 0
6 4
2 299 4
5 4
6 3
1 1207 1
1 617 2
1 208 4
1 225 1
1 1050 2
1 1291 1
1 1299 5
7
1 814 3
5 3
3 1
1 1068 2
4 5
1 926 5
3 3
1 37 5
1 588 0
5 5
1 240 0
1 993 6
2 993 6
1 858 0
1 1442 4
7
1 882 4
1 695 1
1 1070 2
1 1058 0
1 1273 4
3 4
4 2
1 1384 3
1 1240 0
1 432 1
5 0
7
6 2
1 1447 5
3 1
4 0
6 0
1 561 6
3 0
6 5
4 3
1 1384 0
7
1 1233 6
5 5
7
1 82 2
6 0
1 603 4
1 1419 6
1 1479 4
3 3
1 563 0
1 875 4
5 4
5 5
3 5
4 4
5 0
1 198 5
1 623 0
7
1 675 3
2 563 0
4 6
4 3
7
1 1409 3
1 889 5
1 240 1
1 1389 2
5 2
1 804 0
3 0
4 5
5 3
1 1106 2
4 3
3 2
2 675 3
1 724 5
1 154 5
2 1409 3
5 5
1 489 1
1 393 6
1 1046 4
3 1
1 280 1
1 1367 1
7
1 1143 6
3 4
1 829 4
7
4 6
1 1484 0
7
1 249 3
1 1194 5
5 4
6 4
1 1441 6
2 1194 5
7
1 1368 0
1 1061 2
1 870 2
1 949 3
7
1 988 3
1 349 1
1 1375 0
6 0
3 3
1 1385 0
1 796 3
1 846 0
4 0
5 6
1 843 6
1 777 4
1 307 3
1 127 3
1 1144 5
1 590 3
1 1478 0
2 1484 0
7
1 783 4
1 387 1
1 654 6
1 903 4
2 843 6
1 1212 1
3 4
4 1
3 5
5 1
6 1
7
2 1212 1
3 1
1 845 5
5 5
3 5
1 35 5
1 71 6
1 1032 2
1 1452 6
1 495 2
1 1007 1
3 2
2 71 6
4 6
5 1
6 0
1 1271 4
4 4
7
7
4 1
1 369 3
4 4
1 1172 3
2 369 3
7
4 1
1 1226 1
1 448 4
2 1452 6
1 108 2
1 787 1
7
2 448 4
7
1 1266 4
1 739 3
1 1407 6
6 1
7
1 598 6
1 1094 1
1 192 0
3 0
1 135 2
5 6
2 135 2
1 458 2
1 49 4
6 4
1 431 1
4 2
1 300 4
1 1010 2
1 829 4
3 1
6 6
3 6
2 1038 5
7
5 0
6 3
2 494 1
1 1347 5
1 1427 2
3 2
4 0
5 6
6 0
1 1135 1
6 1
1 989 0
6 0
3 0
1 678 6
2 678 6
1 114 2
2 114 2
7
1 440 4
1 562 4
1 659 3
7
6 4
1 534 3
3 4
2 534 3
1 990 3
7
2 1367 1
5 3
1 953 3
7
3 3
1 1274 3
7
1 192 1
1 68 2
1 1268 5
1 296 4
1 1310 2
4 4
4 1
1 1359 1
7
6 3
3 4
1 1059 6
1 176 6
5 2
7
1 1144 1
6 1
1 942 2
4 6
1 1365 0
6 2
7
2 176 6
1 909 5
1 756 0
1 495 3
7
1 1316 6
6 1
3 0
1 886 2
5 5
6 3
4 5
1 1385 5
5 6
2 1059 6
1 612 1
1 1493 3
4 6
4 4
3 1
6 6
4 5
1 468 6
3 3
1 991 4
4 4
2 991 4
7
1 857 3
5 3
4 3
1 596 1
1 1469 1
1 109 5
1 130 6
1 358 3
3 1
1 306 3
5 5
7
2 109 5
4 6
3 3
7
1 718 3
1 314 0
1 1486 3
4 3
5 0
2 718 3
2 1486 3
1 181 6
2 181 6
1 685 1
1 482 5
2 685 1
2 482 5
1 1376 5
1 677 2
1 1419 1
7
3 1
6 5
1 1369 2
3 2
2 800 5
1 1238 2
6 2
2 1238 2
2 899 1
5 2
3 1
4 5
2 963 0
3 6
3 2
2 1264 5
7
3 3
1 151 3
1 993 0
1 292 5
6 5
5 3
4 3
7
1 1101 4
7
5 5
1 1462 2
2 993 0
1 47 0
6 6
4 5
1 499 5
7
7
1 1451 2
3 4
3 0
1 369 6
7
4 6
7
7
3 6
5 6
1 260 5
1 1266 5
1 770 3
1 252 3
4 5
7
7
2 770 3
1 711 2
5 5
4 3
5 3
2 260 5
1 663 6
1 1009 0
4 0
1 1095 2
1 291 2
2 1266 5
6 0
7
4 1
1 562 3
6 2
2 252 3
3 3
4 0
1 709 6
3 2
7
1 214 4
4 4
4 6
2 214 4
5 1
1 719 1
1 646 2
4 2
2 719 1
1 271 0
1 181 2
1 398 3
1 1073 5
1 1059 6
1 1303 4
3 6
1 282 6
2 1303 4
7
1 306 3
3 3
1 557 6
1 232 2
1 823 4
3 2
1 1191 3
6 6
6 0
2 823 4
5 3
1 353 1
4 3
6 1
1 754 3
1 1149 6
1 801 0
4 5
1 1387 3
3 6
1 389 0
6 0
2 389 0
5 0
2 801 0
3 0
1 259 1
4 1
1 1252 4
7
2 259 1
1 626 5
6 5
1 1410 5
1 758 3
5 5
1 391 0
5 4
1 585 3
1 1372 5
7
1 485 0
1 641 4
3 5
4 0
2 585 3
1 318 5
6 3
1 214 6
1 146 3
2 214 6
7
2 391 0
1 852 2
1 214 5
7
5 5
4 6
1 417 2
3 0
1 1020 2
5 2
1 602 3
7
2 417 2
3 2
1 636 3
2 214 5
1 96 2
1 1132 3
1 1064 4
5 3
1 1038 1
3 4
5 2
5 1
1 930 3
4 3
1 328 1
7
1 981 6
5 2
2 1038 1
2 96 2
1 489 1
3 6
3 1
2 1256 5
1 1468 4
1 1485 6
3 6
1 704 1
1 254 6
4 1
6 1
7
4 2
1 1264 6
3 1
3 6
1 1181 6
2 1181 6
6 6
2 43 1
6 1
7
2 1396 0
1 192 2
3 2
6 5
7
3 1
1 1462 0
2 1462 0
1 979 6
5 6
4 6
7
6 6
1 82 2
1 1263 6
1 812 3
1 518 1
4 1
1 119 0
5 0
1 1308 6
2 1263 6
2 812 3
2 518 1
6 0
1 14 4
1 28 4
4 4
1 830 3
1 733 3
4 3
2 830 3
4 0
1 1158 4
5 3
6 3
4 3
7
5 4
1 895 1
1 218 4
3 0
4 1
1 1322 6
7
7
2 895 1
1 468 4
7
1 1384 2
1 495 1
1 1380 1
1 399 5
5 1
6 4
3 4
1 614 1
7
3 1
1 1298 6
7
1 1055 6
2 1298 6
3 6
4 6
1 719 4
1 377 3
1 384 3
1 493 0
3 0
6 6
1 1176 1
6 1
6 2
3 1
1 946 4
1 1084 2
2 1084 2
1 705 4
1 553 3
4 4
4 3
2 553 3
3 5
1 637 1
1 1303 2
3 1
1 775 1
3 2
7
1 1080 4
7
6 4
1 81 6
3 4
7
4 1
1 1085 1
3 6
3 1
5 5
6 6
5 2
6 1
7
1 676 0
5 0
4 0
7
1 1455 6
1 754 5
6 0
2 754 5
1 841 2
3 2
5 2
7
4 3
3 0
1 474 0
1 1225 5
2 474 0
4 5
7
1 1186 0
4 0
2 703 1
5 0
1 1005 5
7
1 833 2
5 5
1 217 1
1 1200 3
6 1
1 127 2
4 1
7
4 3
5 2
5 5
1 494 5
1 1063 0
2 494 5
4 2
1 616 2
5 1
1 1255 6
5 5
1 692 3
6 0
6 3
3 2
5 1
1 311 1
5 3
3 3
2 311 1
1 1299 3
1 1444 3
1 1284 4
2 1444 3
7
4 4
6 0
1 368 1
5 1
1 879 5
1 370 2
4 2
3 1
3 4
7
1 1331 0
6 6
3 0
2 513 3
2 381 2
2 355 4
7
3 3
1 279 0
1 1468 4
1 89 5
1 1454 5
4 4
1 406 1
2 279 0
7
4 5
1 152 3
1 1324 4
6 5
4 1
2 1454 5
1 1408 0
5 3
1 486 2
1 1485 6
6 4
6 0
7
8
