6 6
578 740 569 941 529 675 
3
1 135
1
1 4 552
3
4 100
1
3 1 597
1
4 4 309
3
2 110
1
5 3 367
1
1 1 658
3
1 489
1
5 0 212
5
0
3
2 417
3
5 138
3
0 77
1
2 0 392
1
5 0 309
5
2
4
4
1
3 1 248
1
0 0 455
1
2 5 485
3
1 388
3
0 12
3
0 145
3
5 437
3
4 330
5
1
1
3 3 213
3
5 313
2
3 0
1
3 0 568
1
2 0 633
1
0 2 80
1
4 1 273
1
5 1 4
2
3 1
3
1 160
1
4 0 624
3
5 472
5
5
3
2 218
5
0
1
0 3 284
5
3
2
5 2
3
0 94
3
1 473
5
2
1
5 1 369
5
0
3
5 343
1
3 5 245
1
0 3 544
1
5 0 276
3
3 437
5
2
5
2
1
4 3 512
1
1 3 455
1
5 2 278
5
5
3
2 297
3
0 452
5
0
5
5
3
3 324
1
4 2 501
5
3
3
4 446
1
0 3 506
2
0 5
1
1 5 414
1
5 0 22
3
4 156
1
1 5 5
5
2
1
2 1 280
5
1
1
4 0 353
1
3 0 265
2
1 2
1
2 2 301
5
1
1
0 5 417
2
2 1
1
4 3 498
1
0 1 109
3
4 185
1
4 1 433
5
1
4
2
3
4 173
5
3
1
3 0 238
2
2 0
3
5 336
1
2 1 513
1
2 3 338
3
2 359
1
2 3 173
1
5 3 338
3
1 367
4
0
3
1 172
1
0 5 119
3
5 265
1
5 5 35
3
5 388
1
4 5 346
1
1 5 80
3
4 284
3
5 112
2
1 3
4
3
1
2 5 13
1
3 1 174
2
1 1
3
0 245
1
4 5 622
1
0 1 42
1
3 5 214
3
4 280
5
5
5
5
2
5 5
2
2 1
4
1
1
1 5 295
1
3 5 75
3
2 146
1
5 5 466
3
3 447
1
2 5 685
1
5 5 120
1
0 5 564
3
4 109
1
3 5 267
2
5 5
1
2 5 221
1
5 5 649
1
0 5 72
3
5 344
2
2 5
3
1 27
3
2 62
3
3 286
3
3 453
3
2 475
5
5
3
3 224
5
5
2
5 5
3
3 99
2
5 5
5
5
1
1 5 475
3
5 359
1
5 5 405
1
4 5 60
2
3 5
1
4 5 169
3
0 122
3
2 305
2
1 5
1
5 5 674
5
5
1
4 5 673
3
4 273
5
5
1
1 5 593
5
5
3
2 303
2
3 5
3
5 56
3
2 62
3
0 89
1
5 5 161
4
5
