50 1000
973 595 724 612 656 831 640 780 585 857 568 826 801 955 503 501 682 867 594 955 688 995 655 806 806 919 862 697 842 965 652 887 655 723 835 567 955 747 661 659 722 538 569 990 743 936 986 801 965 675 645 591 662 926 670 687 695 838 940 997 594 718 595 765 511 543 707 980 913 970 671 984 803 599 852 777 570 717 580 924 616 896 710 706 673 846 946 832 528 884 506 536 921 621 817 633 501 929 869 820 550 837 611 725 657 834 595 862 994 787 764 889 614 866 793 957 943 792 947 701 865 787 532 500 882 593 973 638 537 687 733 688 687 648 967 941 563 613 803 839 537 841 755 824 748 708 584 809 660 605 961 916 881 586 534 805 734 616 663 709 954 769 613 707 600 953 592 742 637 573 634 772 847 774 760 970 622 869 649 695 709 505 720 938 652 684 873 952 753 856 648 760 990 928 700 543 682 924 941 935 878 973 541 776 703 758 905 602 827 999 963 815 705 881 818 733 613 550 899 701 785 724 676 959 680 624 787 757 921 892 987 894 663 529 636 900 741 914 981 576 570 980 594 942 511 894 657 921 848 530 982 674 586 889 657 666 887 991 891 719 545 648 913 749 812 586 713 862 888 878 979 928 621 532 720 896 757 882 717 506 910 664 592 509 986 591 828 791 815 751 522 848 649 740 795 792 892 698 692 610 571 981 941 807 683 634 895 732 579 904 524 905 659 658 731 703 527 878 955 861 723 977 656 668 632 966 876 920 529 836 713 526 966 571 998 940 704 635 971 613 720 867 867 854 742 850 889 766 767 795 563 840 934 651 961 776 976 950 943 562 751 906 809 510 537 507 756 731 847 763 939 822 565 838 862 972 602 872 745 896 971 786 964 541 878 682 653 760 894 708 826 623 896 773 700 577 937 874 897 752 950 573 849 917 886 901 886 522 911 636 571 717 573 821 975 627 822 775 751 861 808 702 662 534 562 585 821 696 855 832 556 522 519 913 625 977 674 848 984 932 684 693 590 833 535 681 595 726 916 561 969 949 502 645 728 845 781 571 719 938 608 802 922 624 614 516 834 577 704 908 508 778 684 547 857 516 567 566 571 731 616 562 685 624 547 737 617 987 685 764 706 653 510 523 584 824 935 984 843 980 872 798 531 642 660 568 992 729 882 914 714 535 848 689 959 542 950 726 998 823 757 511 516 905 791 689 531 555 620 552 554 880 783 694 826 817 792 671 735 719 712 939 841 815 675 914 602 576 701 983 910 798 956 785 964 725 611 662 596 893 947 768 517 904 890 893 588 532 868 913 761 513 645 798 591 548 813 553 901 651 643 982 672 579 619 827 503 599 956 970 923 712 717 536 736 621 930 968 532 630 861 783 520 734 731 718 859 907 704 618 642 772 742 768 696 847 835 786 741 692 829 808 786 944 586 864 702 795 893 539 830 683 542 521 567 840 874 658 780 634 580 673 957 672 744 530 641 636 618 699 547 603 822 810 914 842 916 805 737 501 891 991 766 558 925 910 638 684 670 719 663 962 624 722 885 907 504 687 687 788 965 741 971 941 543 506 781 695 822 558 916 936 916 692 942 815 656 731 851 504 697 707 581 918 575 822 782 724 870 533 809 768 847 562 624 500 728 669 599 753 698 681 885 941 952 570 554 602 829 589 518 589 975 540 585 704 887 720 571 680 689 567 644 864 761 740 782 887 514 770 523 842 854 738 624 818 796 514 812 600 749 644 670 854 632 530 718 933 702 989 924 736 748 757 777 840 548 853 976 966 695 511 954 780 582 722 564 613 828 977 527 983 747 604 649 945 865 739 712 787 541 690 970 625 984 651 985 577 891 924 638 823 510 791 876 646 596 931 799 906 991 682 624 854 568 995 618 563 698 757 554 707 654 811 958 706 972 732 843 951 656 517 641 929 522 861 969 659 959 828 943 601 794 634 676 587 987 767 670 740 694 530 630 510 598 954 604 509 794 571 716 570 718 944 759 658 664 949 884 952 618 644 836 627 853 983 903 582 746 718 640 825 670 819 840 689 806 508 543 829 666 639 705 570 723 579 938 848 789 619 971 737 806 701 583 972 859 647 527 862 588 626 879 814 961 917 951 882 588 610 878 852 863 650 836 992 898 734 673 832 692 735 786 753 581 945 910 764 819 999 893 800 903 708 810 891 680 952 995 536 510 866 927 552 512 813 827 635 809 838 865 607 748 942 642 761 799 846 965 623 532 739 787 843 953 598 927 969 637 968 876 514 640 630 777 851 888 941 914 662 
2
58 27
3
138 25
3
127 348
1
389 25 336
1
717 12 210
1
741 16 328
3
731 457
5
11
5
8
1
226 10 272
1
169 12 167
1
902 28 649
3
321 206
1
869 18 146
3
546 451
5
14
1
901 42 645
1
406 38 332
2
674 44
2
563 15
3
936 208
2
707 33
1
465 12 142
5
48
1
489 45 266
5
19
1
510 23 628
3
715 340
2
108 4
1
853 7 55
3
578 44
3
770 337
1
104 21 256
3
890 164
3
167 111
1
204 4 152
3
700 276
3
974 340
1
73 3 437
1
717 47 390
3
609 218
3
737 408
2
174 25
2
333 7
3
865 195
3
595 401
3
955 380
5
4
1
777 45 173
1
544 16 491
1
504 10 515
1
524 6 510
3
235 232
3
62 55
1
241 47 36
5
39
1
306 43 288
1
734 26 481
5
17
1
264 37 398
2
402 19
3
33 376
5
28
1
813 49 269
1
527 41 459
3
853 216
1
540 44 357
4
0
1
902 12 365
2
330 16
1
26 24 367
1
675 25 183
3
509 476
3
569 496
3
641 163
3
720 75
4
31
5
30
1
340 42 351
1
402 33 111
1
844 45 321
1
408 48 523
3
572 206
1
498 28 72
1
37 43 686
3
813 24
1
896 18 169
1
144 16 188
1
668 47 437
3
464 381
5
33
3
753 309
2
732 36
1
386 47 178
1
421 12 206
1
325 45 359
3
439 259
1
438 19 556
3
46 250
1
632 23 473
3
928 100
1
667 15 694
1
51 9 226
3
151 376
1
44 15 635
3
126 220
1
447 49 573
3
433 13
5
25
5
28
3
763 392
3
242 311
3
963 394
1
485 43 34
3
108 272
1
637 38 584
5
2
4
29
1
798 42 627
1
439 38 99
3
291 124
1
169 37 279
3
20 60
5
39
5
9
5
8
1
777 3 116
1
107 22 185
4
24
1
669 12 55
1
442 19 20
1
270 9 455
3
263 408
3
18 486
4
27
3
590 3
1
753 20 664
1
611 45 195
3
755 53
5
17
3
441 120
1
213 37 473
1
86 10 443
3
234 260
5
10
2
867 2
3
996 377
1
991 41 91
1
480 11 129
1
825 14 245
1
876 35 417
2
333 9
1
58 23 86
5
12
4
7
1
761 38 30
1
518 10 527
1
277 17 158
1
560 17 591
1
786 11 73
3
361 343
3
826 368
1
519 46 63
1
891 36 611
4
11
1
323 13 674
1
284 15 622
1
677 43 497
3
939 422
3
679 245
1
883 5 166
1
226 18 256
1
343 26 271
1
825 22 502
3
360 156
2
24 40
3
562 382
5
36
4
32
5
4
1
694 13 456
3
38 189
2
654 13
2
624 4
1
132 17 632
5
17
3
497 262
5
26
1
311 41 547
3
5 423
3
824 498
3
640 371
2
425 33
1
894 18 543
1
708 26 104
1
87 19 194
5
12
1
858 43 691
3
662 72
1
592 37 125
5
15
1
815 49 314
5
30
4
3
5
38
3
580 213
1
345 21 537
5
2
3
674 453
1
188 17 599
3
934 261
2
290 49
4
22
1
737 8 511
1
156 38 510
3
771 449
2
622 39
3
615 104
3
517 6
3
108 170
3
140 324
1
405 26 96
3
339 5
3
757 35
3
279 355
3
499 321
2
633 14
3
414 462
1
508 17 193
1
329 28 577
5
4
1
10 34 166
1
856 48 119
1
932 17 144
1
141 39 380
2
154 15
1
391 25 480
1
951 35 225
3
945 321
5
33
5
41
1
152 28 303
1
160 19 102
3
665 34
2
853 4
3
661 33
4
49
1
437 36 582
3
802 341
1
577 18 538
1
268 8 650
1
932 8 67
1
395 4 159
3
600 415
5
28
3
796 388
5
37
1
774 17 690
1
610 25 147
1
940 10 223
3
679 145
3
157 249
1
319 45 333
1
471 13 19
3
897 172
3
858 58
4
43
1
54 42 515
5
26
5
35
5
46
3
550 228
5
44
4
2
4
17
3
809 255
3
813 4
1
381 23 632
3
932 394
1
654 40 448
3
833 116
5
23
2
304 14
5
36
4
23
3
796 374
3
306 452
2
998 6
4
47
1
222 34 458
5
5
1
88 45 445
3
718 286
3
742 279
2
717 6
1
465 16 425
4
8
1
393 25 19
3
206 81
3
176 473
1
905 9 440
1
640 16 372
1
269 42 582
5
16
5
21
5
36
1
572 28 284
1
86 4 698
1
686 46 675
3
55 23
1
427 1 376
3
672 41
1
803 13 576
3
358 447
1
193 9 207
5
10
1
282 30 316
1
583 20 359
3
279 170
4
21
3
404 283
1
593 39 152
1
196 18 392
1
243 20 349
3
485 140
1
321 34 280
1
755 20 668
1
74 25 593
1
713 26 114
2
671 4
2
239 33
2
270 34
1
26 25 86
1
129 40 532
3
905 210
3
958 236
5
33
1
939 40 695
4
13
3
562 401
1
699 42 353
1
18 46 594
3
903 260
5
35
1
154 37 37
3
611 135
3
159 265
1
162 36 248
1
172 40 347
5
36
1
354 45 295
4
40
3
983 252
3
109 357
3
123 440
5
14
3
212 191
1
16 48 22
3
926 262
5
34
5
46
1
716 42 285
1
201 4 236
3
503 176
1
445 46 273
3
507 176
1
473 48 222
3
666 323
5
38
1
850 9 500
1
981 16 655
1
564 6 475
1
525 4 19
1
228 9 122
3
979 365
1
508 28 253
3
149 450
1
712 39 682
1
301 19 554
1
178 28 632
2
817 44
3
869 278
1
928 36 347
3
173 265
5
38
3
115 54
3
809 346
1
725 9 138
2
396 1
4
45
1
223 15 635
3
893 16
5
26
1
588 12 224
1
707 16 547
1
71 14 637
3
973 423
1
947 14 60
1
666 5 566
1
581 36 575
1
322 44 341
1
300 14 6
1
574 46 337
2
469 5
1
309 18 525
2
942 44
1
558 30 642
3
899 427
3
502 495
1
104 48 191
4
30
1
142 14 214
1
229 1 265
1
18 38 207
1
927 15 584
1
439 37 357
1
23 34 684
1
506 20 308
3
760 317
5
38
1
167 38 434
5
36
1
861 46 316
1
573 5 158
1
633 15 118
5
4
1
602 46 432
3
607 88
1
297 16 333
3
746 393
3
582 263
5
42
1
953 28 668
1
219 12 162
4
14
3
293 223
5
19
5
6
4
42
3
136 271
5
26
2
119 1
3
105 476
3
318 264
1
286 25 394
1
512 12 95
1
298 6 453
5
28
1
416 28 515
1
460 26 182
1
939 18 25
5
36
2
88 1
1
829 5 617
1
32 39 447
3
672 169
2
600 34
5
38
3
838 305
3
739 417
1
497 16 130
3
759 388
2
641 9
3
871 317
3
559 436
5
20
5
35
1
147 10 234
2
895 38
1
679 46 174
3
873 156
1
182 6 493
1
557 1 253
1
292 46 672
3
645 166
1
931 26 2
3
550 458
1
255 46 664
1
443 5 402
5
37
3
60 60
5
12
4
15
1
789 34 348
3
8 211
2
371 34
3
403 112
3
493 488
3
896 325
3
477 281
2
869 16
1
940 38 32
5
5
2
722 10
1
990 33 528
5
36
5
39
2
576 48
4
37
1
208 16 372
1
247 12 201
1
387 9 424
5
33
3
982 433
5
1
1
260 26 180
1
524 4 664
1
391 19 529
1
607 33 102
1
709 10 619
3
271 195
1
979 20 203
3
801 106
3
518 438
3
551 91
2
957 39
1
423 10 310
1
437 5 534
1
909 44 400
1
524 34 309
3
338 28
5
34
3
422 3
5
35
2
205 46
1
743 39 644
3
832 423
1
211 20 365
3
760 440
1
962 34 33
3
889 134
5
41
1
639 38 572
1
931 46 499
5
19
1
706 46 409
3
572 188
3
452 399
4
9
3
492 365
5
10
3
786 348
1
920 34 453
3
10 377
4
44
5
19
1
223 28 68
1
223 20 397
1
428 35 26
1
130 1 464
3
566 99
1
456 4 367
3
803 236
3
180 200
2
524 46
5
46
3
268 201
2
127 1
4
35
1
146 38 560
3
203 259
1
743 10 613
4
20
5
39
5
48
1
966 39 165
5
10
4
33
1
636 6 518
5
10
1
60 46 364
1
414 25 160
5
18
1
454 4 556
3
432 258
4
5
1
59 19 568
3
887 470
3
411 162
1
541 12 681
2
675 26
3
465 268
1
815 41 364
3
636 158
2
416 26
3
168 225
1
815 26 117
3
721 93
1
668 34 119
5
4
5
34
5
36
5
1
3
610 262
1
991 25 383
1
748 19 362
3
602 376
3
118 296
1
673 4 68
1
872 19 375
1
858 46 369
2
624 16
5
26
5
25
5
26
1
433 10 425
1
447 6 589
5
16
3
857 273
4
12
1
73 38 480
5
46
5
41
1
767 41 127
3
178 18
2
807 34
1
151 25 612
3
127 284
3
469 200
1
928 18 501
1
404 4 492
1
690 48 555
3
865 43
2
160 46
1
608 18 254
2
49 34
4
4
5
39
5
25
5
39
3
490 339
1
166 48 198
1
378 38 657
2
590 39
2
901 41
1
898 1 499
3
769 148
1
385 18 250
3
161 387
3
338 196
1
433 6 675
3
417 187
1
581 16 592
3
715 486
3
243 194
4
16
4
39
4
19
1
637 10 684
1
104 41 195
2
62 34
3
586 449
5
6
1
554 46 408
1
506 41 513
5
36
2
729 28
2
378 10
1
976 36 449
5
34
5
36
1
207 1 123
3
474 496
3
829 214
3
706 432
1
231 10 180
5
38
4
18
1
549 48 554
3
128 31
3
769 154
5
36
3
164 432
1
600 36 547
3
541 104
5
48
1
549 26 159
2
829 10
2
734 36
1
232 48 109
1
875 41 8
1
889 26 98
4
1
1
676 36 481
1
956 26 41
1
359 26 166
1
876 48 274
3
859 285
1
273 28 358
3
959 14
1
657 48 595
5
36
3
396 386
1
413 28 189
1
497 46 380
1
95 41 123
1
941 26 407
1
913 10 526
1
766 28 533
1
474 25 16
1
47 26 108
5
10
1
135 25 475
3
298 328
1
53 6 129
3
366 235
3
208 122
3
21 94
5
34
1
19 38 363
5
6
3
819 404
3
420 310
1
857 6 563
3
624 491
3
636 312
2
652 48
1
987 38 121
5
41
1
945 46 518
2
719 46
1
263 10 175
1
785 48 295
3
961 27
3
390 312
3
276 113
1
849 25 400
3
192 105
1
190 25 20
1
329 48 445
1
90 26 90
1
107 34 382
2
886 28
5
6
1
682 28 64
1
523 36 73
3
773 188
1
338 6 307
5
10
1
510 26 388
5
36
1
666 26 668
1
859 28 537
5
26
3
314 135
5
25
5
26
3
91 437
1
702 6 653
3
824 307
1
18 36 89
3
501 215
3
937 195
1
643 41 66
3
535 449
1
677 38 495
1
252 25 429
5
46
5
10
5
25
4
25
1
849 10 424
3
907 497
5
41
3
155 266
5
10
3
765 118
3
893 418
1
178 38 514
1
775 36 288
4
6
3
843 313
1
529 28 27
1
339 26 442
2
326 48
1
510 38 234
3
282 205
5
28
1
511 38 698
3
695 230
1
722 48 44
3
225 108
5
46
1
395 38 87
1
586 41 144
5
36
1
495 10 547
1
493 46 328
5
48
2
84 34
2
347 46
2
206 48
4
10
5
38
5
41
5
46
1
130 48 15
3
81 378
1
624 46 190
1
29 34 612
3
536 185
1
670 41 218
5
38
3
702 468
1
849 28 455
1
383 46 670
1
427 38 536
3
101 77
2
586 34
3
340 374
4
41
1
673 48 348
1
285 38 211
4
46
1
835 36 629
1
717 48 570
3
211 270
3
557 67
1
247 38 126
5
34
3
955 122
5
26
1
45 38 4
1
235 28 596
1
797 34 88
2
954 38
1
162 48 675
3
602 107
1
815 36 169
3
744 383
5
48
2
575 34
2
962 48
1
323 28 349
5
38
4
34
1
426 26 678
1
377 28 542
1
695 26 578
5
48
2
227 36
2
304 38
3
900 34
1
835 28 297
5
36
3
574 149
3
1 312
3
399 347
1
324 28 426
1
98 26 647
5
36
1
459 36 261
3
990 330
1
863 26 127
1
90 36 676
1
57 48 453
3
527 258
1
463 36 694
3
990 354
1
899 28 310
4
26
1
337 38 124
3
661 431
1
148 38 115
2
659 36
1
955 28 58
2
916 28
2
605 28
1
671 38 376
3
416 489
1
494 36 212
5
28
4
28
2
18 48
3
184 367
1
397 38 392
5
38
1
405 38 659
3
504 113
1
216 36 330
5
48
1
842 48 638
1
567 36 335
5
48
1
325 48 644
1
710 36 565
4
38
1
272 48 260
5
36
3
370 131
1
494 36 286
3
556 188
1
696 36 85
1
92 48 392
5
48
1
952 36 55
1
278 36 191
5
48
2
300 36
3
619 176
1
581 36 199
1
662 48 583
1
728 36 419
1
151 36 139
3
83 83
1
866 36 591
5
48
3
586 55
1
592 48 139
1
44 48 296
5
36
5
36
4
36
3
557 423
5
48
2
101 48
4
48
