5 100
5 3 1 3 5 
1 9 15
2 1 0 
1 10 10
1 3 6
1 1 8
2 1 0 
1 5 17
1 5 16
1 8 9
2 4 4 2 0 1 
1 2 17
2 1 3 
2 1 0 
1 2 1
1 4 15
1 9 4
1 8 18
2 4 3 1 0 2 
1 4 0
2 1 0 
1 6 11
1 10 7
1 3 8
1 9 19
2 4 1 0 2 3 
1 6 10
1 8 1
1 2 1
1 1 8
2 2 1 2 
1 2 7
1 4 8
2 3 1 0 2 
1 9 6
1 7 17
1 6 5
1 2 4
1 10 9
1 3 13
1 5 7
3 29 6
3 28 0
1 4 13
1 6 9
3 31 -8
1 2 12
1 8 5
3 27 3
1 5 13
1 3 10
1 2 8
3 33 3
1 2 9
2 5 0 4 2 1 3 
3 31 -2
3 35 4
3 37 5
1 8 8
3 37 2
3 31 -9
1 4 10
3 31 2
3 33 -4
3 38 -7
1 10 13
2 2 3 2 
3 33 5
3 33 2
1 1 1
2 2 4 1 
3 41 -2
1 7 1
1 4 9
1 4 9
3 38 -7
2 1 2 
1 3 18
1 9 10
1 8 14
1 4 14
2 1 4 
2 1 4 
1 6 17
1 8 17
3 41 2
3 39 7
3 48 -4
2 1 0 
3 48 -5
3 43 -8
3 41 -2
1 10 6
1 6 16
2 1 1 
3 42 -7
1 6 19
1 9 17
3 42 7
3 31 9
2 4 3 1 0 2 
1 3 12
1 4 17
2 1 0 
1 4 3
3 38 9
1 10 10
3 55 5
1 3 13
1 3 15
1 1 19
3 31 -1
3 43 -8
1 7 18
3 41 0
2 1 0 
1 5 6
2 4 3 2 1 0 
1 5 12
3 46 2
1 6 18
1 4 10
3 31 7
2 5 2 3 4 0 1 
1 8 8
1 2 13
1 2 12
3 51 -3
3 44 0
2 3 3 2 1 
3 43 -4
1 5 12
3 36 0
3 36 5
1 7 5
3 43 -3
1 8 15
1 8 14
3 57 -4
3 42 9
2 1 2 
1 2 16
2 2 0 4 
3 36 4
3 43 8
3 57 -5
3 63 4
3 70 -5
1 4 18
3 75 4
1 6 7
1 2 9
1 7 9
1 5 1
3 41 5
1 3 14
3 48 0
3 78 9
1 6 0
3 77 -3
1 10 2
3 31 -2
3 57 5
3 38 3
3 38 -2
1 6 9
3 70 -1
3 80 2
1 3 16
1 1 17
2 3 2 3 1 
3 48 -4
1 5 7
3 71 0
2 3 1 0 3 
1 1 6
1 3 2
3 38 0
2 5 1 2 3 4 0 
3 41 -7
1 1 11
3 31 -2
3 38 -8
3 82 7
3 77 1
3 82 9
1 8 16
1 8 8
3 88 8
1 4 11
3 57 -1
3 89 5
3 48 -9
1 8 6
1 8 4
1 1 10
1 5 9
1 1 17
3 38 -1
1 2 4
3 51 -9
1 10 17
2 1 1 
3 98 -4
2 4 3 4 0 2 
3 86 2
3 81 9
3 48 8
3 38 -6
3 57 7
3 95 6
3 70 -2
3 95 9
3 77 6
2 2 4 2 
3 88 0
3 94 1
3 43 4
3 31 0
3 81 5
3 92 5
3 93 8
2 4 0 4 1 2 
3 94 -7
3 41 -2
2 5 1 3 4 2 0 
2 2 2 1 
3 41 7
3 79 -9
3 79 -7
3 31 -8
3 98 -1
3 38 -9
2 2 0 4 
3 43 -1
3 94 -1
3 98 -1
3 31 6
3 51 -4
3 43 -9
2 1 4 
3 94 -2
3 94 -9
3 43 -5
2 4 1 4 3 2 
2 5 2 1 3 4 0 
