15 900
2 2 5 1 1 5 3 10 3 4 10 9 3 6 4 
1 4 4
1 6 6
1 10 10
2 2 13 7 
1 2 17
1 4 2
2 1 0 
1 7 4
1 2 5
1 8 3
1 9 10
1 4 8
1 1 14
1 1 3
1 7 15
1 6 13
1 1 16
1 10 11
1 6 4
1 9 11
1 10 12
1 3 9
1 2 3
1 3 11
3 19 -6
1 10 10
1 10 8
3 22 9
3 21 6
1 10 17
3 23 3
3 22 -8
2 10 9 8 2 12 11 6 13 1 3 0 
1 7 11
2 7 8 6 9 7 11 4 1 
1 7 8
1 10 12
1 4 5
1 1 11
1 7 7
2 8 0 10 3 5 4 7 6 2 
1 7 13
1 9 8
1 5 7
1 6 0
2 6 14 13 9 11 1 0 
1 7 15
2 2 2 0 
1 9 12
1 7 15
1 7 12
1 9 19
1 10 11
1 1 9
1 4 7
1 10 18
2 1 9 
2 1 11 
1 1 12
1 10 7
2 5 0 7 3 2 5 
1 6 7
2 3 10 13 4 
1 3 14
1 6 14
1 7 0
1 6 16
1 4 16
1 7 7
1 10 18
2 5 2 7 9 1 3 
1 9 12
1 8 14
2 3 6 11 0 
2 2 13 1 
1 2 15
1 4 13
1 2 18
1 2 12
2 2 2 1 
2 1 9 
1 2 0
1 7 4
1 7 0
1 2 7
1 10 0
2 6 4 0 1 7 3 2 
1 5 1
1 8 2
1 3 15
1 6 5
1 8 3
1 8 3
1 3 2
2 2 3 13 
1 10 17
2 3 6 8 2 
1 3 1
1 10 9
1 8 17
2 6 2 0 10 7 6 1 
1 7 0
1 3 7
1 7 4
1 2 18
1 4 0
2 3 6 1 9 
2 2 0 2 
1 8 8
1 8 5
1 8 7
1 10 3
1 1 2
1 10 6
1 1 9
1 10 7
2 2 1 2 
1 10 7
1 5 4
1 7 2
2 2 3 2 
1 10 10
1 9 10
1 1 4
1 1 16
1 10 8
2 3 11 8 1 
2 5 10 9 5 7 4 
2 1 2 
1 7 7
2 2 1 6 
2 1 3 
2 1 0 
1 5 17
1 10 17
1 7 9
2 3 2 7 0 
1 5 0
1 10 1
1 5 12
1 10 6
1 9 13
2 2 2 5 
1 6 9
1 2 12
1 6 15
2 2 7 13 
2 1 1 
2 3 11 10 0 
1 2 12
1 4 8
2 1 0 
2 1 9 
1 5 7
2 1 2 
1 9 11
1 9 1
1 3 9
1 7 18
1 10 15
1 3 19
1 5 8
1 5 13
1 3 17
2 4 11 5 1 6 
1 4 1
1 10 17
1 5 12
1 4 18
1 7 6
1 4 10
2 5 10 8 7 2 5 
2 5 0 9 12 3 14 
2 1 1 
1 6 14
1 7 7
1 10 2
2 2 13 7 
1 2 4
2 1 1 
1 8 6
1 4 7
2 1 1 
2 1 9 
1 3 19
1 4 10
1 10 1
1 1 18
1 5 3
1 9 4
1 6 11
1 3 11
1 4 3
1 8 9
1 1 19
2 10 2 7 13 4 0 11 14 1 6 3 
2 2 8 9 
1 3 14
2 1 6 
1 4 15
1 2 0
1 3 15
2 3 0 6 9 
1 4 2
1 3 13
1 1 11
1 2 18
2 3 6 9 3 
1 5 18
1 8 6
2 1 0 
1 8 1
1 4 19
2 3 0 9 2 
1 3 14
1 7 2
1 10 13
1 7 1
1 9 15
1 4 5
1 2 11
2 3 9 11 2 
1 6 13
1 2 10
1 7 1
1 7 1
1 7 18
2 5 6 7 0 5 8 
1 3 0
1 3 0
1 2 3
1 6 1
2 5 2 6 5 4 1 
1 10 1
2 3 7 3 0 
1 10 12
1 6 1
2 1 8 
1 3 14
1 9 3
1 5 4
1 2 8
1 1 15
1 10 18
2 3 2 7 6 
2 1 11 
1 9 10
1 10 6
1 6 15
1 1 5
1 7 2
1 1 10
2 2 7 10 
2 8 4 6 0 1 2 11 3 13 
1 10 7
2 2 5 7 
1 4 16
1 7 14
1 5 16
2 2 2 0 
1 8 9
1 3 15
2 2 6 0 
2 1 9 
1 7 12
1 4 0
1 3 14
1 9 17
1 9 7
1 1 14
1 8 13
1 9 4
1 2 14
1 4 6
1 4 6
1 10 17
2 9 2 4 9 1 11 10 7 5 3 
2 2 14 6 
1 5 12
1 7 14
2 2 0 2 
1 4 7
1 7 19
1 1 3
1 10 17
1 1 14
2 4 4 0 9 1 
1 1 4
2 3 4 7 3 
1 10 8
1 4 13
2 1 7 
1 6 9
1 6 18
1 6 9
1 10 6
1 3 10
1 7 18
1 9 14
1 6 15
1 7 17
1 9 5
1 5 15
1 2 4
1 7 0
1 7 2
2 8 1 4 6 11 9 0 12 3 
1 9 18
2 7 11 2 5 7 13 14 10 
1 6 11
1 1 17
1 3 13
1 2 16
1 3 14
1 4 11
1 5 16
1 8 19
1 4 10
1 8 18
1 5 9
2 5 13 5 14 6 9 
1 3 7
1 6 11
2 4 8 2 1 6 
1 9 0
1 8 11
1 4 19
1 9 14
1 3 0
1 9 19
1 6 14
1 5 10
1 3 14
2 1 6 
2 12 3 11 9 4 10 2 12 1 13 5 0 8 
1 2 9
1 2 3
1 3 2
1 8 10
1 9 7
2 3 0 6 11 
1 7 5
2 4 0 2 7 1 
1 8 19
1 6 18
1 6 4
1 8 14
1 2 2
1 5 4
1 3 13
2 2 1 6 
2 5 5 13 3 2 0 
1 9 3
2 1 11 
1 6 9
1 2 13
2 2 0 13 
1 1 16
1 2 14
1 4 16
1 7 11
1 6 0
1 1 1
2 6 0 1 13 3 4 9 
1 9 10
1 4 10
2 1 11 
1 4 0
1 4 15
1 9 0
1 4 2
1 6 16
1 6 17
1 9 4
1 5 4
1 6 8
1 6 17
1 2 14
1 7 9
2 5 8 7 13 9 3 
1 6 7
1 6 5
2 6 11 4 2 6 3 0 
1 2 15
2 1 1 
1 5 10
2 2 5 13 
1 8 11
1 8 13
1 1 0
1 1 17
2 1 3 
1 6 13
1 6 16
1 3 10
1 6 15
1 3 5
2 4 0 7 6 2 
1 5 8
2 8 3 4 5 1 14 8 2 13 
1 4 8
2 1 9 
1 9 18
1 4 19
1 1 8
1 10 15
2 2 3 7 
1 8 19
1 4 0
2 4 9 14 11 0 
1 7 1
1 10 11
1 8 10
2 2 7 0 
1 7 11
1 4 12
1 5 10
2 3 9 0 1 
1 6 6
1 10 1
1 7 5
2 4 13 7 0 2 
1 9 18
1 9 15
1 4 0
2 3 9 0 11 
1 8 18
2 1 0 
1 3 15
1 7 16
1 1 19
2 1 0 
2 1 6 
1 10 17
1 3 4
1 4 8
1 9 17
1 4 0
1 4 4
1 3 15
1 4 16
1 3 0
1 6 12
1 2 14
2 2 8 14 
1 1 15
1 10 3
1 10 5
1 2 3
1 8 15
1 6 2
1 1 17
1 1 12
1 4 3
1 2 15
3 344 -9
1 9 17
3 346 -6
1 5 11
1 2 8
1 1 15
1 9 7
1 6 0
3 346 -9
1 10 1
3 341 -9
3 347 6
1 5 5
1 8 10
1 9 8
2 13 9 8 6 11 7 5 0 13 3 14 4 12 2 
3 341 0
3 341 -5
1 4 8
3 341 -8
1 9 19
2 7 6 13 10 12 5 11 7 
2 5 14 2 4 8 1 
1 2 10
1 10 19
2 3 11 1 5 
1 7 12
1 6 8
1 7 6
2 3 1 0 7 
1 7 16
1 7 17
1 2 7
1 5 3
1 3 19
1 9 1
1 3 7
1 2 11
2 1 1 
1 6 16
1 6 1
1 4 8
1 10 6
3 373 -5
1 6 5
1 6 18
3 373 -1
1 6 13
1 6 18
2 11 9 0 5 10 4 7 1 14 13 8 3 
1 5 11
1 3 13
1 8 2
1 4 6
2 11 9 5 7 2 4 6 13 11 1 14 8 
1 6 18
2 1 12 
1 7 18
1 3 6
1 6 2
1 1 7
2 6 2 13 4 1 3 0 
1 3 7
1 1 7
1 9 19
1 8 13
1 1 8
1 2 16
1 2 18
2 3 1 4 8 
1 7 16
1 3 2
1 10 9
1 3 1
1 10 16
1 10 14
1 1 14
1 6 2
1 3 9
1 9 8
1 3 5
2 4 9 8 1 5 
1 8 17
2 11 7 13 6 14 2 3 12 11 8 1 0 
1 9 8
1 8 6
1 4 7
1 10 1
1 3 8
2 4 11 9 6 4 
1 8 7
2 4 7 10 0 1 
1 6 17
1 1 11
2 2 3 13 
1 6 2
1 1 4
1 7 19
1 8 2
1 2 5
2 3 13 3 1 
2 2 2 0 
1 9 7
1 4 0
1 1 3
1 5 8
1 10 11
1 4 12
2 3 11 7 3 
1 6 8
1 8 5
1 5 2
2 1 14 
2 2 5 9 
2 1 0 
1 2 13
1 3 13
1 6 18
1 8 2
1 3 14
1 9 14
1 9 12
1 6 4
1 5 13
1 7 16
1 5 9
1 5 12
2 8 10 2 13 11 4 8 6 0 
1 3 3
1 6 14
2 8 1 6 7 5 9 12 3 13 
1 4 7
1 1 12
1 4 11
1 2 11
1 9 0
1 4 2
2 4 9 1 0 14 
1 9 10
1 1 19
1 8 6
2 2 0 1 
1 8 17
1 7 2
2 2 0 11 
2 3 1 3 4 
1 5 18
1 8 3
1 4 12
2 2 0 2 
1 5 7
1 9 18
1 7 10
2 3 11 0 2 
2 1 9 
1 8 15
2 1 0 
1 4 16
1 8 2
1 6 19
2 1 13 
1 3 4
1 10 9
1 6 11
1 6 4
1 7 5
2 6 0 9 2 7 1 13 
1 3 11
1 2 18
1 7 2
1 5 19
2 2 6 0 
1 3 8
2 2 1 8 
1 4 1
2 1 2 
1 5 10
1 2 14
1 4 6
1 7 14
2 2 0 9 
1 3 4
2 5 6 1 8 2 14 
1 5 14
2 1 2 
1 7 6
1 3 3
1 3 3
2 2 0 6 
1 3 13
1 4 7
1 2 13
2 1 8 
1 1 11
1 4 8
2 5 9 3 6 14 0 
1 4 16
2 1 9 
1 1 18
1 6 7
2 1 13 
1 8 5
1 5 11
1 10 19
1 8 11
1 10 6
1 2 19
1 7 10
1 10 8
1 10 10
2 8 10 7 6 8 0 2 5 3 
1 10 3
2 2 1 7 
1 7 14
1 10 2
2 3 0 7 4 
1 8 5
1 3 5
1 4 9
2 2 9 6 
1 9 9
2 1 11 
1 4 9
1 10 5
1 8 12
1 4 8
2 1 7 
1 9 15
1 4 7
1 10 11
1 8 16
1 8 12
1 5 17
1 5 3
2 6 9 11 0 5 3 14 
1 10 17
1 3 14
2 5 4 2 10 1 6 
1 10 5
1 6 5
1 2 15
1 4 10
1 8 19
1 8 2
1 9 4
1 8 6
2 10 13 0 3 1 8 11 2 9 10 7 
1 1 13
1 4 16
1 6 13
1 1 2
1 4 13
1 2 2
2 1 4 
1 2 14
1 9 16
1 10 14
2 1 11 
1 6 6
1 9 13
1 10 16
1 2 8
1 5 5
2 2 4 0 
1 3 18
1 10 4
1 1 13
1 4 14
1 6 0
1 9 14
1 9 0
1 2 4
3 549 9
3 548 3
3 548 2
1 7 18
3 550 -3
3 549 8
2 12 14 8 11 7 9 5 6 3 0 12 1 10 
1 9 5
1 4 4
1 6 12
1 6 13
2 6 9 3 6 4 0 11 
2 5 2 5 7 13 1 
1 3 8
1 3 15
1 5 9
1 1 6
2 2 2 8 
1 1 6
1 6 18
1 5 11
1 10 5
1 6 16
1 6 6
1 2 18
1 3 1
1 2 4
2 7 8 3 9 7 5 2 13 
2 1 0 
1 9 11
1 6 9
1 1 16
1 1 17
1 5 5
1 9 12
1 10 3
2 10 6 11 13 7 2 0 5 4 3 1 
1 6 14
1 2 7
1 7 3
1 3 5
1 10 6
1 5 1
2 1 1 
2 1 6 
2 1 2 
1 10 15
1 6 12
1 4 9
1 9 11
1 10 7
1 5 4
1 6 0
1 5 14
1 9 9
1 7 18
1 10 11
1 4 5
2 3 13 5 8 
1 1 3
1 9 2
2 14 10 8 5 11 3 4 12 6 9 0 7 2 1 14 
1 5 0
1 3 4
1 9 13
2 2 11 2 
1 3 14
2 1 6 
1 9 0
1 8 4
1 9 15
1 4 14
1 6 9
1 6 12
2 2 13 11 
2 2 9 1 
1 8 19
2 2 2 1 
1 4 6
1 7 11
1 8 14
1 4 11
1 6 13
1 9 4
1 6 6
1 6 10
1 10 16
1 4 5
1 1 16
1 5 8
1 6 19
1 8 13
1 1 3
1 8 15
3 621 2
3 620 -2
3 622 -8
3 622 9
3 622 -1
3 620 1
2 5 9 12 2 10 6 
1 8 18
1 4 9
1 3 8
1 1 0
3 625 3
2 13 4 7 5 9 11 13 3 8 6 2 1 14 0 
2 4 12 6 3 10 
1 7 10
1 2 1
1 3 3
1 1 13
2 3 6 0 3 
1 8 17
1 3 6
2 1 0 
2 2 1 6 
1 3 2
1 5 10
1 8 10
1 8 11
1 5 13
1 9 9
1 4 3
1 3 0
1 5 17
2 1 3 
1 10 8
1 6 2
2 10 11 0 8 6 1 2 13 5 9 7 
1 4 6
2 1 9 
1 5 8
1 2 11
2 2 0 2 
1 10 3
1 3 12
1 4 14
1 3 16
1 3 18
1 10 2
2 1 6 
1 5 4
2 2 7 12 
1 9 14
1 7 7
1 5 4
1 1 8
2 1 8 
2 2 11 3 
1 3 2
1 9 9
1 6 17
2 5 11 10 6 13 9 
1 5 5
1 5 7
1 4 0
1 7 5
1 6 13
1 5 16
1 3 1
1 1 11
2 8 0 1 8 3 2 9 4 13 
1 2 8
1 2 3
1 1 16
1 6 4
2 2 5 6 
2 1 0 
1 6 17
1 2 14
1 6 8
1 9 0
1 9 4
2 9 1 3 2 11 0 13 4 5 7 
1 2 7
1 6 5
1 1 8
1 9 10
1 8 12
1 9 0
2 5 3 13 1 11 2 
1 5 0
2 2 0 2 
1 5 4
1 6 17
1 9 5
1 6 10
1 3 5
2 1 6 
1 6 3
1 10 9
2 5 11 2 0 13 7 
1 3 12
1 10 12
1 10 19
1 5 19
2 3 1 10 2 
1 2 15
1 4 3
1 3 4
1 6 8
1 6 14
1 3 0
1 7 5
1 4 15
1 7 16
1 6 16
1 8 16
2 5 9 5 1 6 4 
2 3 2 0 12 
2 4 7 13 8 14 
2 1 3 
1 4 11
1 9 5
1 3 0
1 1 0
1 10 15
1 10 5
1 5 17
2 7 9 3 2 7 11 10 6 
1 5 1
1 2 0
1 6 16
2 3 13 0 2 
1 6 15
2 1 13 
1 4 5
1 10 10
2 2 7 9 
1 7 17
1 1 7
1 3 7
1 4 1
1 1 15
1 4 6
1 10 4
1 3 13
1 2 3
1 7 5
1 4 7
2 2 9 0 
1 5 11
2 9 3 14 6 7 1 5 2 8 0 
2 1 4 
1 4 17
1 1 19
1 6 17
1 1 9
1 8 3
1 5 19
1 7 3
1 6 2
1 5 4
2 4 3 1 13 6 
1 10 3
1 7 3
1 4 19
1 9 9
1 8 1
1 3 6
2 8 4 1 5 0 6 7 2 14 
2 2 3 9 
2 1 11 
1 10 14
1 4 14
1 10 15
2 2 7 9 
1 6 16
1 8 4
1 1 12
1 4 9
1 2 19
1 10 0
1 7 15
1 10 3
2 8 0 10 7 13 2 4 3 1 
1 8 10
2 2 9 0 
1 6 19
1 2 6
1 9 3
2 2 0 11 
2 1 13 
1 7 19
1 7 1
1 9 6
2 3 1 11 0 
1 3 11
1 4 10
1 6 4
1 2 2
2 2 13 9 
2 1 0 
1 8 12
1 6 16
1 2 8
1 5 16
2 2 0 2 
1 1 15
1 3 6
2 1 13 
1 1 15
2 3 3 4 8 
1 6 8
2 1 13 
1 7 5
1 4 7
1 8 19
2 4 2 0 6 1 
1 5 5
2 2 9 2 
1 1 3
2 1 3 
1 10 8
1 4 4
2 2 9 7 
1 10 4
2 1 7 
1 3 10
2 1 6 
1 4 13
1 3 16
1 6 17
2 3 13 9 6 
1 7 9
1 8 17
1 1 0
1 10 7
2 3 7 3 1 
1 3 9
1 1 17
1 1 16
1 9 1
1 6 8
1 7 6
1 4 12
1 3 8
2 6 9 4 0 8 11 13 
1 1 5
1 10 15
1 2 17
1 2 13
1 1 18
1 1 16
1 2 0
1 2 4
1 4 19
1 2 4
1 3 14
1 4 1
1 3 17
1 5 10
3 813 -4
3 813 -1
1 3 12
1 3 19
1 3 5
1 5 12
1 7 7
1 10 1
3 817 5
1 1 7
1 6 13
3 815 -2
1 6 16
2 1 7 
3 817 -4
1 8 16
1 6 6
3 818 1
1 2 17
3 818 -6
1 3 18
2 11 11 1 2 0 3 13 9 10 8 12 6 
3 825 0
1 1 3
2 7 2 5 8 6 0 3 11 
2 3 7 9 4 
2 2 2 10 
1 9 17
1 9 6
1 8 16
1 1 5
1 5 12
1 7 9
2 3 6 7 1 
1 1 12
2 3 4 12 0 
1 10 4
2 3 14 2 7 
1 7 2
1 1 6
1 5 3
1 5 14
1 4 5
1 7 5
1 5 16
1 7 4
2 2 2 1 
1 4 9
1 7 13
1 4 11
2 7 9 12 10 4 2 11 14 
1 6 19
1 5 8
1 4 15
1 2 18
2 9 2 9 3 7 10 5 6 0 8 
1 1 19
1 6 3
2 2 4 0 
1 7 15
1 1 11
2 3 1 0 4 
1 10 1
2 3 7 3 13 
1 3 3
1 10 0
1 4 8
1 1 6
1 10 17
1 1 7
1 2 16
1 3 19
2 3 0 9 3 
1 5 16
1 9 5
1 2 10
2 5 2 7 4 8 6 
2 3 0 10 11 
1 7 0
1 7 10
1 4 18
1 4 5
1 6 0
2 4 0 13 1 14 
1 9 7
1 10 12
1 4 10
1 6 18
1 2 0
2 1 9 
2 2 0 7 
1 10 3
1 8 19
1 10 15
1 8 6
1 7 1
1 5 15
2 7 11 10 5 13 1 2 7 
2 1 14 
1 8 9
1 8 14
2 1 2 
2 1 1 
1 6 16
2 2 0 13 
1 4 6
1 6 15
2 2 9 13 
1 7 5
2 1 0 
1 7 17
1 5 17
1 6 6
1 4 8
1 8 0
2 5 13 1 2 9 0 
1 3 19
2 1 6 
1 1 4
1 8 4
1 8 7
2 1 3 
1 6 16
